ShallowCapsNet, mnist
99.50	3.64	4.57	(10, 9, 8)	(7, 7, 7)	(5, 4)
99.22	7.99	1.00	(5, 4, 4)	(32, 32, 32)	(32, 32)
97.61	8.45	1.00	(5, 4, 3)	(32, 32, 32)	(32, 32)
98.84	6.69	5.33	(6, 5, 4)	(6, 6, 6)	(4, 4)
98.80	2.16	5.33	(16, 15, 14)	(6, 6, 6)	(3, 3)
11.24	17.91	1.00	(3, 2, 1)	(32, 32, 32)	(32, 32)
99.37	3.64	5.33	(10, 9, 8)	(6, 6, 6)	(5, 4)
99.54	4.72	4.57	(8, 7, 6)	(7, 7, 7)	(5, 4)
99.28	7.99	3.56	(5, 4, 4)	(9, 9, 9)	(9, 9)
63.12	11.48	1.00	(4, 3, 2)	(32, 32, 32)	(32, 32)
99.28	6.69	4.57	(6, 5, 4)	(7, 7, 7)	(5, 5)
99.00	4.72	5.33	(8, 7, 6)	(6, 6, 6)	(3, 3)
99.20	2.16	5.33	(16, 15, 14)	(6, 6, 6)	(4, 4)
98.82	3.64	5.33	(10, 9, 8)	(6, 6, 6)	(3, 3)
99.46	6.69	1.00	(6, 5, 4)	(32, 32, 32)	(32, 32)
99.56	2.16	4.63	(16, 15, 14)	(7, 6, 6)	(5, 5)
63.46	11.48	3.56	(4, 3, 2)	(9, 9, 9)	(9, 9)
99.54	7.99	1.00	(6, 4, 4)	(32, 32, 32)	(32, 32)
97.58	8.45	3.56	(5, 4, 3)	(9, 9, 9)	(9, 9)
11.17	17.91	3.56	(3, 2, 1)	(9, 9, 9)	(9, 9)
99.34	4.72	5.33	(8, 7, 6)	(6, 6, 6)	(5, 4)
84.98	8.45	3.56	(5, 4, 3)	(9, 9, 9)	(9, 9)
9.32	17.91	1.00	(3, 2, 1)	(32, 32, 32)	(32, 32)
98.70	7.58	3.56	(5, 4, 5)	(9, 9, 9)	(9, 9)
98.01	6.69	1.00	(6, 5, 4)	(32, 32, 32)	(32, 32)
99.53	3.64	3.59	(10, 9, 8)	(9, 8, 8)	(6, 5)
99.14	6.40	3.56	(5, 5, 5)	(9, 9, 9)	(9, 9)
99.24	6.40	3.56	(5, 5, 5)	(9, 9, 9)	(9, 9)
99.55	6.13	1.00	(6, 5, 6)	(32, 32, 32)	(32, 32)
99.32	3.64	4.57	(10, 9, 8)	(7, 7, 7)	(5, 5)
99.17	4.72	4.57	(8, 7, 6)	(7, 7, 7)	(5, 5)
98.99	6.40	2.91	(5, 5, 5)	(11, 11, 11)	(11, 11)
98.84	6.69	4.00	(6, 5, 4)	(8, 8, 8)	(5, 5)
99.11	2.16	4.57	(16, 15, 14)	(7, 7, 7)	(5, 5)
33.03	11.48	2.91	(4, 3, 2)	(11, 11, 11)	(11, 11)
99.28	6.13	1.00	(5, 5, 6)	(32, 32, 32)	(32, 32)
99.25	2.16	4.04	(16, 15, 14)	(8, 7, 7)	(5, 5)
44.93	11.48	1.00	(4, 3, 2)	(32, 32, 32)	(32, 32)
99.59	5.15	1.00	(6, 6, 7)	(32, 32, 32)	(32, 32)
99.56	5.33	1.00	(6, 6, 6)	(32, 32, 32)	(32, 32)
99.52	5.53	1.00	(6, 6, 5)	(32, 32, 32)	(32, 32)
99.29	3.64	4.57	(10, 9, 8)	(7, 7, 7)	(6, 5)
41.66	11.48	1.00	(4, 3, 2)	(32, 32, 32)	(32, 32)
99.53	6.40	1.00	(6, 5, 5)	(32, 32, 32)	(32, 32)
99.25	6.69	1.00	(6, 5, 4)	(32, 32, 32)	(32, 32)
99.46	6.40	1.00	(6, 5, 5)	(32, 32, 32)	(32, 32)
99.34	5.34	1.00	(5, 6, 6)	(32, 32, 32)	(32, 32)
99.47	5.34	1.00	(5, 6, 6)	(32, 32, 32)	(32, 32)
98.54	5.75	1.00	(5, 6, 4)	(32, 32, 32)	(32, 32)
86.05	8.45	1.00	(5, 4, 3)	(32, 32, 32)	(32, 32)
39.53	11.48	3.56	(4, 3, 2)	(9, 9, 9)	(9, 9)
7.49	17.91	1.00	(3, 2, 1)	(32, 32, 32)	(32, 32)
84.55	8.45	1.00	(5, 4, 3)	(32, 32, 32)	(32, 32)
12.39	17.91	3.56	(3, 2, 1)	(9, 9, 9)	(9, 9)
99.54	2.16	4.00	(16, 15, 14)	(8, 8, 8)	(5, 6)
99.50	4.72	3.59	(8, 7, 6)	(9, 8, 9)	(5, 7)
99.40	4.72	4.57	(8, 7, 6)	(7, 7, 7)	(6, 5)
17.40	11.48	1.00	(4, 3, 2)	(32, 32, 32)	(32, 32)
38.82	11.48	1.00	(4, 3, 2)	(32, 32, 32)	(32, 32)
9.80	17.91	1.00	(3, 2, 1)	(32, 32, 32)	(32, 32)
99.19	3.64	2.67	(10, 9, 8)	(12, 12, 12)	(5, 5)
99.39	2.16	2.46	(16, 15, 14)	(13, 13, 13)	(6, 6)
9.80	11.48	2.13	(4, 3, 2)	(15, 15, 15)	(15, 15)
98.98	4.00	2.13	(8, 8, 8)	(15, 15, 15)	(15, 15)
99.49	3.64	2.67	(10, 9, 8)	(12, 12, 12)	(7, 6)
9.80	11.48	1.00	(4, 3, 2)	(32, 32, 32)	(32, 32)
8.92	6.69	1.00	(6, 5, 4)	(32, 32, 32)	(32, 32)
98.90	2.16	2.67	(16, 15, 14)	(12, 12, 12)	(6, 6)
9.77	8.45	1.00	(5, 4, 3)	(32, 32, 32)	(32, 32)
61.54	4.72	2.13	(8, 7, 6)	(15, 15, 15)	(15, 15)
99.57	3.56	1.00	(9, 9, 9)	(32, 32, 32)	(32, 32)
9.80	17.91	2.13	(3, 2, 1)	(15, 15, 15)	(15, 15)
9.22	8.45	2.13	(5, 4, 3)	(15, 15, 15)	(15, 15)
99.50	2.16	2.46	(16, 15, 14)	(13, 13, 13)	(7, 7)
8.92	6.69	2.13	(6, 5, 4)	(15, 15, 15)	(15, 15)
59.70	4.72	1.00	(8, 7, 6)	(32, 32, 32)	(32, 32)
99.30	4.00	1.00	(9, 8, 8)	(32, 32, 32)	(32, 32)
ShallowCapsNet, fashion-mnist
42.31	11.48	2.29	(4, 3, 2)	(14, 14, 14)	(14, 14)
89.72	6.69	1.00	(6, 5, 4)	(32, 32, 32)	(32, 32)
92.62	4.57	1.00	(9, 7, 7)	(32, 32, 32)	(32, 32)
92.63	5.33	1.00	(7, 6, 6)	(32, 32, 32)	(32, 32)
91.88	2.16	4.00	(16, 15, 14)	(8, 8, 8)	(6, 5)
91.94	5.33	2.29	(6, 6, 6)	(14, 14, 14)	(14, 14)
89.70	6.69	2.29	(6, 5, 4)	(14, 14, 14)	(14, 14)
92.54	2.16	3.56	(16, 15, 14)	(9, 9, 9)	(7, 6)
78.61	8.45	2.29	(5, 4, 3)	(14, 14, 14)	(14, 14)
92.51	3.64	3.56	(10, 9, 8)	(9, 9, 9)	(6, 6)
92.19	3.64	4.00	(10, 9, 8)	(8, 8, 8)	(6, 6)
78.60	8.45	1.00	(5, 4, 3)	(32, 32, 32)	(32, 32)
92.64	3.64	3.56	(10, 9, 8)	(9, 9, 9)	(9, 7)
92.77	2.16	2.95	(16, 15, 14)	(11, 9, 9)	(8, 7)
12.21	17.91	2.29	(3, 2, 1)	(14, 14, 14)	(14, 14)
42.32	11.48	1.00	(4, 3, 2)	(32, 32, 32)	(32, 32)
12.20	17.91	1.00	(3, 2, 1)	(32, 32, 32)	(32, 32)
92.04	4.72	3.56	(8, 7, 6)	(9, 9, 9)	(7, 6)
92.17	4.72	1.00	(8, 7, 6)	(32, 32, 32)	(32, 32)
9.76	17.91	1.00	(3, 2, 1)	(32, 32, 32)	(32, 32)
88.33	6.69	1.00	(6, 5, 4)	(32, 32, 32)	(32, 32)
92.67	3.13	1.00	(9, 10, 11)	(32, 32, 32)	(32, 32)
91.83	5.14	1.68	(7, 6, 7)	(19, 19, 19)	(19, 19)
89.97	4.23	1.88	(7, 8, 6)	(17, 17, 17)	(17, 17)
91.57	4.57	1.00	(8, 7, 7)	(32, 32, 32)	(32, 32)
92.70	3.64	2.91	(10, 9, 8)	(11, 11, 11)	(8, 9)
68.21	8.45	1.00	(5, 4, 3)	(32, 32, 32)	(32, 32)
22.89	11.48	1.68	(4, 3, 2)	(19, 19, 19)	(19, 19)
9.25	17.91	2.13	(3, 2, 1)	(15, 15, 15)	(15, 15)
92.38	2.16	3.56	(16, 15, 14)	(9, 9, 9)	(7, 7)
50.43	8.45	1.00	(5, 4, 3)	(32, 32, 32)	(32, 32)
91.99	3.90	2.91	(7, 8, 9)	(11, 11, 11)	(11, 11)
65.57	8.45	1.88	(5, 4, 3)	(17, 17, 17)	(17, 17)
92.11	3.83	1.00	(8, 9, 6)	(32, 32, 32)	(32, 32)
92.48	4.57	1.00	(9, 7, 7)	(32, 32, 32)	(32, 32)
10.94	17.91	1.00	(3, 2, 1)	(32, 32, 32)	(32, 32)
92.69	2.16	3.17	(16, 15, 14)	(10, 11, 10)	(10, 10)
87.77	6.69	2.67	(6, 5, 4)	(12, 12, 12)	(12, 12)
25.28	11.48	2.91	(4, 3, 2)	(11, 11, 11)	(11, 11)
92.49	4.11	1.00	(9, 8, 7)	(32, 32, 32)	(32, 32)
20.03	11.48	1.00	(4, 3, 2)	(32, 32, 32)	(32, 32)
20.74	11.48	1.00	(4, 3, 2)	(32, 32, 32)	(32, 32)
91.95	3.64	3.56	(10, 9, 8)	(9, 9, 9)	(6, 6)
92.12	4.72	3.23	(8, 7, 6)	(10, 9, 9)	(7, 8)
92.60	3.64	3.52	(10, 9, 8)	(9, 10, 10)	(7, 7)
92.70	3.64	1.00	(9, 9, 8)	(32, 32, 32)	(32, 32)
92.45	4.71	1.00	(9, 7, 6)	(32, 32, 32)	(32, 32)
92.26	4.00	2.13	(7, 8, 8)	(15, 15, 15)	(15, 15)
80.23	6.69	1.00	(6, 5, 4)	(32, 32, 32)	(32, 32)
92.21	2.16	3.56	(16, 15, 14)	(9, 9, 9)	(6, 6)
92.20	4.72	1.00	(8, 7, 6)	(32, 32, 32)	(32, 32)
92.54	4.72	1.00	(8, 7, 6)	(32, 32, 32)	(32, 32)
92.41	4.72	1.00	(8, 7, 6)	(32, 32, 32)	(32, 32)
92.37	4.72	2.67	(8, 7, 6)	(12, 12, 12)	(12, 12)
92.66	3.27	1.00	(9, 10, 9)	(32, 32, 32)	(32, 32)
92.49	5.14	1.00	(8, 6, 7)	(32, 32, 32)	(32, 32)
92.19	4.43	1.00	(8, 7, 8)	(32, 32, 32)	(32, 32)
23.22	11.48	1.00	(4, 3, 2)	(32, 32, 32)	(32, 32)
92.61	4.00	1.00	(9, 8, 8)	(32, 32, 32)	(32, 32)
19.50	11.48	1.00	(4, 3, 2)	(32, 32, 32)	(32, 32)
10.00	11.48	1.33	(4, 3, 2)	(24, 24, 24)	(24, 24)
4.00	6.69	1.33	(6, 5, 4)	(24, 24, 24)	(24, 24)
10.00	17.91	1.00	(3, 2, 1)	(32, 32, 32)	(32, 32)
92.00	3.27	1.33	(11, 10, 9)	(24, 24, 24)	(24, 24)
43.81	4.72	1.00	(8, 7, 6)	(32, 32, 32)	(32, 32)
92.36	3.27	1.00	(12, 10, 9)	(32, 32, 32)	(32, 32)
92.61	2.77	1.00	(12, 12, 10)	(32, 32, 32)	(32, 32)
0.47	8.45	1.33	(5, 4, 3)	(24, 24, 24)	(24, 24)
10.00	17.91	1.33	(3, 2, 1)	(24, 24, 24)	(24, 24)
92.43	2.16	2.13	(16, 15, 14)	(15, 15, 15)	(9, 9)
89.53	3.64	1.00	(10, 9, 8)	(32, 32, 32)	(32, 32)
0.47	8.45	1.00	(5, 4, 3)	(32, 32, 32)	(32, 32)
92.65	2.16	2.00	(16, 15, 14)	(16, 16, 16)	(10, 10)
89.53	3.64	1.33	(10, 9, 8)	(24, 24, 24)	(24, 24)
43.81	4.72	1.33	(8, 7, 6)	(24, 24, 24)	(24, 24)
10.00	11.48	1.00	(4, 3, 2)	(32, 32, 32)	(32, 32)
4.00	6.69	1.00	(6, 5, 4)	(32, 32, 32)	(32, 32)
91.95	2.16	2.13	(16, 15, 14)	(15, 15, 15)	(8, 7)
DeepCaps, mnist
99.28	3.56	2.91	(12, 11, 10, 9, 8, 8)	(11, 11, 11, 11, 11, 11)	(5, 5)
99.31	3.56	2.91	(12, 11, 10, 9, 8, 8)	(11, 11, 11, 11, 11, 11)	(5, 5)
99.61	2.14	2.91	(18, 17, 16, 15, 14, 14)	(11, 11, 11, 11, 11, 11)	(6, 6)
99.60	2.14	2.91	(18, 17, 16, 15, 14, 14)	(11, 11, 11, 11, 11, 11)	(6, 6)
9.80	16.17	1.00	(5, 4, 3, 2, 1, 1)	(32, 32, 32, 32, 32, 32)	(32, 32)
75.48	6.43	1.00	(8, 7, 6, 5, 4, 4)	(32, 32, 32, 32, 32, 32)	(32, 32)
75.92	6.43	1.00	(8, 7, 6, 5, 4, 4)	(32, 32, 32, 32, 32, 32)	(32, 32)
10.71	8.04	2.91	(7, 6, 5, 4, 3, 3)	(11, 11, 11, 11, 11, 11)	(11, 11)
10.76	8.04	2.91	(7, 6, 5, 4, 3, 3)	(11, 11, 11, 11, 11, 11)	(11, 11)
9.80	16.17	2.91	(5, 4, 3, 2, 1, 1)	(11, 11, 11, 11, 11, 11)	(11, 11)
99.57	4.59	2.91	(10, 9, 8, 7, 6, 6)	(11, 11, 11, 11, 11, 11)	(6, 6)
99.56	4.59	2.91	(10, 9, 8, 7, 6, 6)	(11, 11, 11, 11, 11, 11)	(6, 6)
99.60	5.00	1.00	(7, 7, 7, 7, 6, 5)	(32, 32, 32, 32, 32, 32)	(32, 32)
10.00	10.74	1.00	(6, 5, 4, 3, 2, 2)	(32, 32, 32, 32, 32, 32)	(32, 32)
10.64	10.74	1.00	(6, 5, 4, 3, 2, 2)	(32, 32, 32, 32, 32, 32)	(32, 32)
99.04	2.14	3.20	(18, 17, 16, 15, 14, 14)	(10, 10, 10, 10, 10, 10)	(7, 7)
75.15	6.43	2.91	(8, 7, 6, 5, 4, 4)	(11, 11, 11, 11, 11, 11)	(11, 11)
99.05	2.14	3.20	(18, 17, 16, 15, 14, 14)	(10, 10, 10, 10, 10, 10)	(7, 7)
76.36	6.43	2.29	(8, 7, 6, 5, 4, 4)	(14, 14, 14, 14, 14, 14)	(14, 14)
76.10	6.43	2.91	(8, 7, 6, 5, 4, 4)	(11, 11, 11, 11, 11, 11)	(11, 11)
99.61	3.56	2.91	(12, 11, 10, 9, 8, 8)	(11, 11, 11, 11, 11, 11)	(6, 6)
75.77	6.43	2.29	(8, 7, 6, 5, 4, 4)	(14, 14, 14, 14, 14, 14)	(14, 14)
99.38	5.16	2.29	(7, 7, 7, 7, 6, 4)	(14, 14, 14, 14, 14, 14)	(14, 14)
99.09	5.16	2.91	(7, 7, 7, 7, 6, 4)	(11, 11, 11, 11, 11, 11)	(11, 11)
99.60	3.56	2.91	(12, 11, 10, 9, 8, 8)	(11, 11, 11, 11, 11, 11)	(6, 6)
99.01	5.16	2.91	(7, 7, 7, 7, 6, 4)	(11, 11, 11, 11, 11, 11)	(11, 11)
99.27	2.14	2.91	(18, 17, 16, 15, 14, 14)	(11, 11, 11, 11, 11, 11)	(5, 5)
99.05	4.59	2.91	(10, 9, 8, 7, 6, 6)	(11, 11, 11, 11, 10, 10)	(7, 7)
99.03	4.59	2.91	(10, 9, 8, 7, 6, 6)	(11, 11, 11, 11, 10, 10)	(7, 7)
11.32	8.04	2.29	(7, 6, 5, 4, 3, 3)	(14, 14, 14, 14, 14, 14)	(14, 14)
11.45	8.04	2.29	(7, 6, 5, 4, 3, 3)	(14, 14, 14, 14, 14, 14)	(14, 14)
98.77	3.56	3.20	(12, 11, 10, 9, 8, 8)	(10, 10, 10, 10, 10, 10)	(6, 6)
10.32	10.74	2.91	(6, 5, 4, 3, 2, 2)	(11, 11, 11, 11, 11, 11)	(11, 11)
98.82	3.56	3.20	(12, 11, 10, 9, 8, 8)	(10, 10, 10, 10, 10, 10)	(6, 6)
10.07	10.74	2.91	(6, 5, 4, 3, 2, 2)	(11, 11, 11, 11, 11, 11)	(11, 11)
11.50	8.04	1.00	(7, 6, 5, 4, 3, 3)	(32, 32, 32, 32, 32, 32)	(32, 32)
11.40	8.04	1.00	(7, 6, 5, 4, 3, 3)	(32, 32, 32, 32, 32, 32)	(32, 32)
7.70	10.74	2.29	(6, 5, 4, 3, 2, 2)	(14, 14, 14, 14, 14, 14)	(14, 14)
7.67	10.74	2.29	(6, 5, 4, 3, 2, 2)	(14, 14, 14, 14, 14, 14)	(14, 14)
9.80	16.17	2.29	(5, 4, 3, 2, 1, 1)	(14, 14, 14, 14, 14, 14)	(14, 14)
99.50	6.43	5.30	(8, 7, 6, 5, 4, 4)	(7, 6, 5, 4, 4, 4)	(4, 3)
98.84	16.00	2.91	(5, 2, 2, 2, 2, 2)	(11, 11, 11, 11, 11, 11)	(11, 11)
99.25	6.43	5.49	(8, 7, 6, 5, 4, 4)	(7, 6, 4, 4, 3, 3)	(6, 4)
99.31	4.59	5.49	(10, 9, 8, 7, 6, 6)	(7, 6, 4, 4, 3, 3)	(6, 4)
99.36	2.14	5.49	(18, 17, 16, 15, 14, 14)	(7, 6, 4, 4, 3, 3)	(6, 4)
99.66	2.14	4.93	(18, 17, 16, 15, 14, 14)	(9, 5, 5, 5, 5, 5)	(3, 3)
99.53	8.04	5.30	(7, 6, 5, 4, 3, 3)	(7, 6, 5, 4, 4, 4)	(4, 3)
99.59	4.59	4.95	(10, 9, 8, 7, 6, 6)	(9, 5, 5, 5, 4, 4)	(4, 4)
67.37	16.17	2.91	(5, 4, 3, 2, 1, 1)	(11, 11, 11, 11, 11, 11)	(11, 11)
66.01	16.17	2.67	(5, 4, 3, 2, 1, 1)	(12, 12, 12, 12, 12, 12)	(12, 12)
99.58	13.82	1.00	(6, 3, 3, 2, 2, 2)	(32, 32, 32, 32, 32, 32)	(32, 32)
99.52	2.14	5.30	(18, 17, 16, 15, 14, 14)	(7, 6, 5, 4, 4, 4)	(4, 3)
99.55	4.59	5.30	(10, 9, 8, 7, 6, 6)	(7, 6, 5, 4, 4, 4)	(4, 3)
99.54	3.56	5.30	(12, 11, 10, 9, 8, 8)	(7, 6, 5, 4, 4, 4)	(4, 3)
99.65	3.56	4.95	(12, 11, 10, 9, 8, 8)	(9, 5, 5, 5, 4, 4)	(3, 3)
99.42	10.74	4.95	(6, 5, 4, 3, 2, 2)	(9, 5, 5, 5, 4, 4)	(3, 3)
99.31	12.01	2.67	(5, 4, 3, 3, 2, 2)	(12, 12, 12, 12, 12, 12)	(12, 12)
99.63	8.04	4.99	(7, 6, 5, 4, 3, 3)	(9, 5, 5, 4, 4, 4)	(5, 5)
66.54	16.17	1.00	(5, 4, 3, 2, 1, 1)	(32, 32, 32, 32, 32, 32)	(32, 32)
99.36	3.56	5.49	(12, 11, 10, 9, 8, 8)	(7, 6, 4, 4, 3, 3)	(6, 4)
99.61	10.74	4.93	(6, 5, 4, 3, 2, 2)	(9, 5, 5, 5, 5, 5)	(3, 3)
99.64	6.43	4.99	(8, 7, 6, 5, 4, 4)	(9, 5, 5, 4, 4, 4)	(5, 5)
99.41	10.74	5.30	(6, 5, 4, 3, 2, 2)	(7, 6, 5, 4, 4, 4)	(6, 5)
99.43	8.04	5.35	(7, 6, 5, 4, 3, 3)	(6, 6, 6, 6, 5, 5)	(4, 4)
98.81	10.74	5.28	(6, 5, 4, 3, 2, 2)	(6, 6, 6, 7, 6, 6)	(4, 4)
99.51	6.43	5.35	(8, 7, 6, 5, 4, 4)	(6, 6, 6, 6, 5, 5)	(4, 4)
16.27	16.17	1.00	(5, 4, 3, 2, 1, 1)	(32, 32, 32, 32, 32, 32)	(32, 32)
99.66	8.04	4.49	(7, 6, 5, 4, 3, 3)	(7, 8, 6, 6, 7, 7)	(6, 4)
99.40	3.56	6.40	(12, 11, 10, 9, 8, 8)	(5, 5, 5, 5, 5, 5)	(4, 4)
99.01	10.74	5.02	(6, 5, 4, 3, 2, 2)	(7, 6, 6, 6, 6, 6)	(4, 4)
99.64	6.43	5.01	(8, 7, 6, 5, 4, 4)	(8, 5, 6, 6, 7, 8)	(2, 4)
99.17	6.43	6.40	(8, 7, 6, 5, 4, 4)	(5, 5, 5, 5, 5, 5)	(4, 4)
99.50	3.56	5.74	(12, 11, 10, 9, 8, 8)	(6, 5, 6, 5, 6, 5)	(3, 4)
99.39	4.59	5.58	(10, 9, 8, 7, 6, 6)	(6, 6, 5, 5, 5, 5)	(5, 4)
99.60	4.59	5.02	(10, 9, 8, 7, 6, 6)	(7, 6, 6, 6, 6, 6)	(4, 4)
99.40	10.74	4.17	(6, 5, 4, 3, 2, 2)	(8, 8, 7, 6, 7, 6)	(5, 5)
8.52	16.17	3.56	(5, 4, 3, 2, 1, 1)	(9, 9, 9, 9, 9, 9)	(9, 9)
99.54	10.74	1.00	(6, 5, 4, 3, 2, 2)	(32, 32, 32, 32, 32, 32)	(32, 32)
99.64	2.14	4.41	(18, 17, 16, 15, 14, 14)	(7, 8, 7, 6, 4, 5)	(5, 4)
99.64	8.76	1.00	(6, 3, 4, 3, 4, 4)	(32, 32, 32, 32, 32, 32)	(32, 32)
99.23	4.59	6.40	(10, 9, 8, 7, 6, 6)	(5, 5, 5, 5, 5, 5)	(4, 4)
7.49	16.17	4.00	(5, 4, 3, 2, 1, 1)	(8, 8, 8, 8, 8, 8)	(8, 8)
99.03	12.01	3.56	(6, 4, 3, 3, 2, 2)	(9, 9, 9, 9, 9, 9)	(9, 9)
99.14	8.04	5.96	(7, 6, 5, 4, 3, 3)	(6, 5, 5, 5, 5, 5)	(4, 4)
99.28	2.14	6.40	(18, 17, 16, 15, 14, 14)	(5, 5, 5, 5, 5, 5)	(4, 4)
99.19	9.12	4.00	(5, 3, 3, 4, 5, 2)	(8, 8, 8, 8, 8, 8)	(8, 8)
99.70	7.47	1.00	(6, 3, 3, 4, 5, 6)	(32, 32, 32, 32, 32, 32)	(32, 32)
99.46	2.14	5.74	(18, 17, 16, 15, 14, 14)	(6, 5, 6, 5, 6, 5)	(3, 4)
99.59	10.74	3.92	(6, 5, 4, 3, 2, 2)	(9, 8, 7, 8, 7, 8)	(5, 5)
99.30	10.74	4.87	(6, 5, 4, 3, 2, 2)	(7, 6, 7, 6, 7, 6)	(3, 4)
99.55	3.56	4.82	(12, 11, 10, 9, 8, 8)	(6, 7, 7, 7, 8, 8)	(6, 3)
DeepCaps, fashion-mnist
10.00	10.74	2.13	(6, 5, 4, 3, 2, 2)	(15, 15, 15, 15, 15, 15)	(15, 15)
9.89	16.17	2.13	(5, 4, 3, 2, 1, 1)	(15, 15, 15, 15, 15, 15)	(15, 15)
9.86	16.17	2.13	(5, 4, 3, 2, 1, 1)	(15, 15, 15, 15, 15, 15)	(15, 15)
94.99	3.56	2.67	(12, 11, 10, 9, 8, 8)	(12, 12, 12, 12, 12, 12)	(7, 7)
5.65	8.04	1.00	(7, 6, 5, 4, 3, 3)	(32, 32, 32, 32, 32, 32)	(32, 32)
5.58	8.04	1.00	(7, 6, 5, 4, 3, 3)	(32, 32, 32, 32, 32, 32)	(32, 32)
9.93	16.17	1.00	(5, 4, 3, 2, 1, 1)	(32, 32, 32, 32, 32, 32)	(32, 32)
9.98	16.17	1.00	(5, 4, 3, 2, 1, 1)	(32, 32, 32, 32, 32, 32)	(32, 32)
94.68	3.56	2.67	(12, 11, 10, 9, 8, 8)	(12, 12, 12, 12, 12, 12)	(6, 6)
94.80	4.59	2.67	(10, 9, 8, 7, 6, 6)	(12, 12, 12, 12, 12, 12)	(6, 6)
7.95	8.04	2.00	(7, 6, 5, 4, 3, 3)	(16, 16, 16, 16, 16, 16)	(16, 16)
12.04	8.04	2.46	(7, 6, 5, 4, 3, 3)	(13, 13, 13, 13, 13, 13)	(13, 13)
94.33	5.65	2.13	(9, 7, 6, 6, 5, 5)	(15, 15, 15, 15, 15, 15)	(15, 15)
94.62	4.59	2.67	(10, 9, 8, 7, 6, 6)	(12, 12, 12, 12, 12, 12)	(5, 5)
94.90	4.59	2.21	(10, 9, 8, 7, 6, 6)	(15, 15, 13, 13, 13, 13)	(9, 7)
10.00	10.74	1.00	(6, 5, 4, 3, 2, 2)	(32, 32, 32, 32, 32, 32)	(32, 32)
94.91	4.59	2.51	(10, 9, 8, 7, 6, 6)	(13, 13, 12, 12, 12, 12)	(8, 7)
10.00	10.74	2.00	(6, 5, 4, 3, 2, 2)	(16, 16, 16, 16, 16, 16)	(16, 16)
94.94	3.56	2.46	(12, 11, 10, 9, 8, 8)	(13, 13, 13, 13, 13, 13)	(6, 6)
94.60	2.14	2.67	(18, 17, 16, 15, 14, 14)	(12, 12, 12, 12, 12, 12)	(6, 6)
49.68	6.43	2.46	(8, 7, 6, 5, 4, 4)	(13, 13, 13, 13, 13, 13)	(13, 13)
94.59	2.14	2.67	(18, 17, 16, 15, 14, 14)	(12, 12, 12, 12, 12, 12)	(6, 6)
94.94	2.14	2.46	(18, 17, 16, 15, 14, 14)	(13, 13, 13, 13, 13, 13)	(7, 6)
9.59	16.17	2.46	(5, 4, 3, 2, 1, 1)	(13, 13, 13, 13, 13, 13)	(13, 13)
94.59	4.59	2.91	(10, 9, 8, 7, 6, 6)	(11, 11, 11, 11, 11, 11)	(6, 6)
94.66	5.85	2.13	(10, 7, 6, 6, 5, 4)	(15, 15, 15, 15, 15, 15)	(15, 15)
10.00	10.74	2.46	(6, 5, 4, 3, 2, 2)	(13, 13, 13, 13, 13, 13)	(13, 13)
94.95	5.58	1.00	(10, 8, 6, 6, 5, 5)	(32, 32, 32, 32, 32, 32)	(32, 32)
51.28	6.43	1.00	(8, 7, 6, 5, 4, 4)	(32, 32, 32, 32, 32, 32)	(32, 32)
51.32	6.43	1.00	(8, 7, 6, 5, 4, 4)	(32, 32, 32, 32, 32, 32)	(32, 32)
94.22	3.56	2.91	(12, 11, 10, 9, 8, 8)	(11, 11, 11, 11, 11, 11)	(7, 7)
51.03	6.43	2.00	(8, 7, 6, 5, 4, 4)	(16, 16, 16, 16, 16, 16)	(16, 16)
94.17	5.65	2.46	(9, 7, 6, 6, 5, 5)	(13, 13, 13, 13, 13, 13)	(13, 13)
94.19	3.56	2.81	(12, 11, 10, 9, 8, 8)	(12, 11, 11, 11, 11, 11)	(7, 7)
50.64	6.43	2.13	(8, 7, 6, 5, 4, 4)	(15, 15, 15, 15, 15, 15)	(15, 15)
10.01	16.17	2.00	(5, 4, 3, 2, 1, 1)	(16, 16, 16, 16, 16, 16)	(16, 16)
94.62	5.85	2.00	(10, 7, 6, 6, 5, 4)	(16, 16, 16, 16, 16, 16)	(16, 16)
94.71	2.14	2.67	(18, 17, 16, 15, 14, 14)	(12, 12, 12, 12, 12, 12)	(7, 6)
94.68	2.14	2.67	(18, 17, 16, 15, 14, 14)	(12, 12, 12, 12, 12, 12)	(7, 6)
9.32	8.04	2.13	(7, 6, 5, 4, 3, 3)	(15, 15, 15, 15, 15, 15)	(15, 15)
50.60	6.43	2.13	(8, 7, 6, 5, 4, 4)	(15, 15, 15, 15, 15, 15)	(15, 15)
8.89	8.04	2.13	(7, 6, 5, 4, 3, 3)	(15, 15, 15, 15, 15, 15)	(15, 15)
94.75	3.56	2.67	(12, 11, 10, 9, 8, 8)	(12, 12, 12, 12, 12, 12)	(6, 6)
94.37	10.42	3.20	(6, 4, 3, 3, 3, 3)	(10, 10, 10, 10, 10, 10)	(10, 10)
94.38	8.04	2.46	(7, 6, 5, 4, 3, 3)	(13, 13, 13, 13, 13, 13)	(13, 13)
94.18	10.74	2.46	(6, 5, 4, 3, 2, 2)	(13, 13, 13, 13, 13, 13)	(13, 13)
94.19	10.74	1.00	(6, 5, 4, 3, 2, 2)	(32, 32, 32, 32, 32, 32)	(32, 32)
42.52	16.17	2.46	(5, 4, 3, 2, 1, 1)	(13, 13, 13, 13, 13, 13)	(13, 13)
94.26	4.59	4.50	(10, 9, 8, 7, 6, 6)	(8, 7, 6, 6, 6, 6)	(4, 3)
94.32	6.43	4.35	(8, 7, 6, 5, 4, 4)	(8, 7, 7, 7, 6, 6)	(4, 3)
94.85	4.59	4.28	(10, 9, 8, 7, 6, 6)	(9, 7, 6, 6, 6, 6)	(6, 5)
94.53	3.56	4.50	(12, 11, 10, 9, 8, 8)	(8, 7, 6, 6, 6, 6)	(4, 3)
94.69	10.03	2.46	(8, 4, 4, 4, 2, 2)	(13, 13, 13, 13, 13, 13)	(13, 13)
42.45	16.17	3.20	(5, 4, 3, 2, 1, 1)	(10, 10, 10, 10, 10, 10)	(10, 10)
95.06	4.59	4.13	(10, 9, 8, 7, 6, 6)	(9, 7, 7, 7, 7, 7)	(5, 5)
42.52	16.17	1.00	(5, 4, 3, 2, 1, 1)	(32, 32, 32, 32, 32, 32)	(32, 32)
94.68	6.43	4.13	(8, 7, 6, 5, 4, 4)	(9, 7, 7, 7, 7, 7)	(4, 4)
94.70	2.14	4.17	(18, 17, 16, 15, 14, 14)	(9, 7, 7, 6, 6, 6)	(4, 4)
94.99	3.56	3.86	(12, 11, 10, 9, 8, 8)	(9, 8, 8, 7, 7, 7)	(5, 5)
94.90	6.43	4.13	(8, 7, 6, 5, 4, 4)	(9, 7, 7, 7, 7, 7)	(5, 4)
94.14	10.74	3.77	(6, 5, 4, 3, 2, 2)	(9, 9, 7, 7, 7, 7)	(8, 6)
94.76	3.56	4.00	(12, 11, 10, 9, 8, 8)	(8, 8, 8, 8, 8, 8)	(4, 4)
94.45	2.14	4.50	(18, 17, 16, 15, 14, 14)	(8, 7, 6, 6, 6, 6)	(4, 3)
94.37	8.04	1.00	(7, 6, 5, 4, 3, 3)	(32, 32, 32, 32, 32, 32)	(32, 32)
94.26	8.04	4.50	(7, 6, 5, 4, 3, 3)	(8, 7, 6, 6, 6, 6)	(6, 5)
94.93	2.14	3.77	(18, 17, 16, 15, 14, 14)	(11, 7, 7, 7, 7, 7)	(4, 4)
94.95	8.00	1.00	(8, 4, 4, 4, 4, 4)	(32, 32, 32, 32, 32, 32)	(32, 32)
78.92	10.74	2.91	(6, 5, 4, 3, 2, 2)	(11, 11, 11, 11, 11, 11)	(11, 11)
94.52	3.56	3.98	(12, 11, 10, 9, 8, 8)	(8, 8, 8, 9, 7, 7)	(5, 4)
94.97	4.10	1.00	(8, 8, 8, 8, 8, 7)	(32, 32, 32, 32, 32, 32)	(32, 32)
94.74	4.59	4.00	(10, 9, 8, 7, 6, 6)	(8, 8, 8, 8, 8, 7)	(5, 5)
59.43	10.74	2.46	(6, 5, 4, 3, 2, 2)	(13, 13, 13, 13, 13, 13)	(13, 13)
67.57	10.74	2.67	(6, 5, 4, 3, 2, 2)	(12, 12, 12, 12, 12, 12)	(12, 12)
94.12	8.04	2.29	(7, 6, 5, 4, 3, 3)	(13, 14, 15, 16, 17, 18)	(15, 17)
93.32	8.04	2.46	(7, 6, 5, 4, 3, 3)	(13, 13, 13, 13, 13, 13)	(13, 13)
94.29	4.59	4.31	(10, 9, 8, 7, 6, 6)	(7, 8, 7, 8, 7, 8)	(5, 4)
32.29	16.17	2.91	(5, 4, 3, 2, 1, 1)	(11, 11, 11, 11, 11, 11)	(11, 11)
94.21	7.87	2.91	(7, 4, 4, 5, 3, 4)	(11, 11, 11, 11, 11, 11)	(11, 11)
94.93	6.51	1.00	(9, 5, 5, 4, 5, 6)	(32, 32, 32, 32, 32, 32)	(32, 32)
95.13	6.47	1.00	(9, 6, 5, 6, 4, 4)	(32, 32, 32, 32, 32, 32)	(32, 32)
94.86	6.43	1.00	(8, 7, 6, 5, 4, 4)	(32, 32, 32, 32, 32, 32)	(32, 32)
95.06	3.56	3.66	(12, 11, 10, 9, 8, 8)	(10, 8, 8, 8, 8, 8)	(5, 6)
93.99	6.06	2.91	(7, 8, 6, 5, 6, 3)	(11, 11, 11, 11, 11, 11)	(11, 11)
94.50	3.56	4.35	(12, 11, 10, 9, 8, 8)	(8, 7, 7, 7, 6, 7)	(5, 4)
25.73	16.17	1.00	(5, 4, 3, 2, 1, 1)	(32, 32, 32, 32, 32, 32)	(32, 32)
94.78	7.45	2.46	(8, 7, 4, 5, 4, 3)	(13, 13, 13, 13, 13, 13)	(13, 13)
94.47	6.43	4.13	(8, 7, 6, 5, 4, 4)	(8, 8, 7, 7, 7, 7)	(5, 5)
95.03	4.59	3.49	(10, 9, 8, 7, 6, 6)	(9, 9, 10, 9, 8, 9)	(5, 7)
94.80	6.43	3.66	(8, 7, 6, 5, 4, 4)	(9, 9, 8, 8, 8, 8)	(6, 5)
94.70	5.96	1.00	(8, 9, 5, 6, 5, 4)	(32, 32, 32, 32, 32, 32)	(32, 32)
94.20	2.14	4.35	(18, 17, 16, 15, 14, 14)	(8, 7, 7, 7, 6, 6)	(5, 4)
95.10	4.54	1.00	(8, 7, 8, 7, 7, 6)	(32, 32, 32, 32, 32, 32)	(32, 32)
69.38	10.74	1.00	(6, 5, 4, 3, 2, 2)	(32, 32, 32, 32, 32, 32)	(32, 32)
94.92	2.14	3.84	(18, 17, 16, 15, 14, 14)	(8, 8, 9, 10, 10, 11)	(9, 8)
61.80	10.74	3.20	(6, 5, 4, 3, 2, 2)	(10, 10, 10, 10, 10, 10)	(10, 10)
94.08	6.20	2.46	(7, 8, 4, 5, 5, 6)	(13, 13, 13, 13, 13, 13)	(13, 13)
94.25	8.04	1.00	(7, 6, 5, 4, 3, 3)	(32, 32, 32, 32, 32, 32)	(32, 32)
93.18	7.33	3.20	(7, 5, 4, 5, 5, 3)	(10, 10, 10, 10, 10, 10)	(10, 10)
94.05	4.94	2.46	(7, 7, 8, 5, 6, 7)	(13, 13, 13, 13, 13, 13)	(13, 13)
65.10	10.74	1.00	(6, 5, 4, 3, 2, 2)	(32, 32, 32, 32, 32, 32)	(32, 32)
94.38	4.21	2.67	(7, 7, 7, 7, 8, 9)	(12, 12, 12, 12, 12, 12)	(12, 12)
94.74	2.14	4.29	(18, 17, 16, 15, 14, 14)	(8, 7, 7, 8, 9, 8)	(5, 6)
27.00	16.17	2.46	(5, 4, 3, 2, 1, 1)	(13, 13, 13, 13, 13, 13)	(13, 13)
DeepCaps, cifar10
91.10	2.19	2.20	(18, 17, 16, 15, 14, 14)	(17, 13, 13, 13, 13, 13)	(8, 7)
90.39	3.33	2.46	(13, 12, 11, 10, 9, 9)	(13, 13, 13, 13, 13, 13)	(8, 8)
10.02	6.93	1.00	(8, 7, 6, 5, 4, 4)	(32, 32, 32, 32, 32, 32)	(32, 32)
90.60	3.33	1.00	(13, 12, 11, 10, 9, 9)	(32, 32, 32, 32, 32, 32)	(32, 32)
90.88	3.33	1.00	(13, 12, 11, 10, 9, 9)	(32, 32, 32, 32, 32, 32)	(32, 32)
73.89	4.83	1.00	(10, 9, 8, 7, 6, 6)	(32, 32, 32, 32, 32, 32)	(32, 32)
90.83	4.87	1.00	(13, 9, 8, 8, 8, 5)	(32, 32, 32, 32, 32, 32)	(32, 32)
90.91	2.19	2.46	(18, 17, 16, 15, 14, 14)	(13, 13, 13, 13, 13, 13)	(8, 6)
90.35	4.00	1.00	(13, 8, 8, 8, 8, 8)	(32, 32, 32, 32, 32, 32)	(32, 32)
9.86	6.93	1.00	(8, 7, 6, 5, 4, 4)	(32, 32, 32, 32, 32, 32)	(32, 32)
10.00	19.76	1.00	(5, 4, 3, 2, 1, 1)	(32, 32, 32, 32, 32, 32)	(32, 32)
10.00	12.22	1.00	(6, 5, 4, 3, 2, 2)	(32, 32, 32, 32, 32, 32)	(32, 32)
90.72	2.19	1.00	(18, 17, 16, 15, 14, 14)	(32, 32, 32, 32, 32, 32)	(32, 32)
90.47	5.54	1.00	(13, 8, 8, 8, 6, 4)	(32, 32, 32, 32, 32, 32)	(32, 32)
90.81	3.33	2.39	(13, 12, 11, 10, 9, 9)	(14, 13, 13, 13, 13, 13)	(9, 9)
90.55	2.19	2.58	(18, 17, 16, 15, 14, 14)	(13, 12, 12, 12, 12, 12)	(8, 4)
72.84	4.83	1.00	(10, 9, 8, 7, 6, 6)	(32, 32, 32, 32, 32, 32)	(32, 32)
90.72	0.87	1.00	(33, 34, 35, 36, 37, 38)	(32, 32, 32, 32, 32, 32)	(32, 32)
90.77	2.19	2.46	(18, 17, 16, 15, 14, 14)	(13, 13, 13, 13, 13, 13)	(8, 5)
90.43	3.33	2.46	(13, 12, 11, 10, 9, 9)	(13, 13, 13, 13, 13, 13)	(11, 6)
10.00	8.84	1.00	(7, 6, 5, 4, 3, 3)	(32, 32, 32, 32, 32, 32)	(32, 32)
91.13	4.73	1.00	(15, 9, 9, 9, 7, 5)	(32, 32, 32, 32, 32, 32)	(32, 32)
90.36	4.83	3.10	(10, 9, 8, 7, 6, 6)	(11, 10, 10, 9, 9, 9)	(7, 7)
53.70	8.84	1.00	(7, 6, 5, 4, 3, 3)	(32, 32, 32, 32, 32, 32)	(32, 32)
91.10	3.33	2.91	(13, 12, 11, 10, 9, 9)	(11, 11, 11, 11, 10, 10)	(11, 7)
91.09	4.83	1.90	(10, 9, 8, 7, 6, 6)	(19, 17, 14, 11, 11, 10)	(14, 10)
8.49	19.76	1.00	(5, 4, 3, 2, 1, 1)	(32, 32, 32, 32, 32, 32)	(32, 32)
9.87	12.22	1.00	(6, 5, 4, 3, 2, 2)	(32, 32, 32, 32, 32, 32)	(32, 32)
90.43	2.19	3.28	(18, 17, 16, 15, 14, 14)	(11, 9, 9, 9, 9, 9)	(8, 5)
90.36	6.55	1.00	(9, 6, 6, 6, 5, 4)	(32, 32, 32, 32, 32, 32)	(32, 32)
90.50	3.33	3.28	(13, 12, 11, 10, 9, 9)	(11, 9, 9, 9, 9, 9)	(8, 5)
91.08	4.24	1.00	(11, 11, 10, 10, 6, 6)	(32, 32, 32, 32, 32, 32)	(32, 32)
88.65	6.93	1.00	(8, 7, 6, 5, 4, 4)	(32, 32, 32, 32, 32, 32)	(32, 32)
90.85	4.83	2.67	(10, 9, 8, 7, 6, 6)	(12, 12, 12, 12, 11, 10)	(8, 6)
90.93	2.19	2.98	(18, 17, 16, 15, 14, 14)	(11, 11, 10, 10, 10, 10)	(9, 5)
90.81	3.33	2.98	(13, 12, 11, 10, 9, 9)	(11, 11, 10, 10, 10, 10)	(8, 5)
90.92	5.95	1.00	(10, 6, 6, 6, 5, 5)	(32, 32, 32, 32, 32, 32)	(32, 32)
91.14	2.19	2.72	(18, 17, 16, 15, 14, 14)	(13, 11, 11, 11, 10, 10)	(10, 6)
90.56	5.41	1.00	(11, 7, 6, 6, 5, 6)	(32, 32, 32, 32, 32, 32)	(32, 32)
9.43	12.22	1.00	(6, 5, 4, 3, 2, 2)	(32, 32, 32, 32, 32, 32)	(32, 32)
90.65	3.33	3.14	(13, 12, 11, 10, 9, 9)	(11, 10, 9, 10, 9, 7)	(9, 5)
6.47	8.84	1.00	(7, 6, 5, 4, 3, 3)	(32, 32, 32, 32, 32, 32)	(32, 32)
91.03	3.33	2.78	(13, 12, 11, 10, 9, 9)	(12, 11, 12, 10, 11, 11)	(11, 13)
90.84	7.00	1.00	(10, 6, 6, 7, 5, 3)	(32, 32, 32, 32, 32, 32)	(32, 32)
90.19	7.00	1.00	(10, 6, 6, 7, 5, 3)	(32, 32, 32, 32, 32, 32)	(32, 32)
90.99	2.89	1.00	(10, 9, 10, 10, 11, 12)	(32, 32, 32, 32, 32, 32)	(32, 32)
90.14	3.49	1.00	(9, 9, 8, 8, 9, 10)	(32, 32, 32, 32, 32, 32)	(32, 32)
79.44	8.84	1.00	(7, 6, 5, 4, 3, 3)	(32, 32, 32, 32, 32, 32)	(32, 32)
91.00	3.92	1.00	(11, 8, 7, 7, 8, 9)	(32, 32, 32, 32, 32, 32)	(32, 32)
91.06	2.64	1.00	(11, 12, 13, 13, 14, 11)	(32, 32, 32, 32, 32, 32)	(32, 32)
90.93	3.33	2.87	(13, 12, 11, 10, 9, 9)	(11, 11, 12, 10, 11, 12)	(9, 8)
36.88	12.22	1.00	(6, 5, 4, 3, 2, 2)	(32, 32, 32, 32, 32, 32)	(32, 32)
31.63	8.84	1.00	(7, 6, 5, 4, 3, 3)	(32, 32, 32, 32, 32, 32)	(32, 32)
90.59	4.60	1.00	(10, 6, 5, 6, 7, 8)	(32, 32, 32, 32, 32, 32)	(32, 32)
90.77	2.19	2.83	(18, 17, 16, 15, 14, 14)	(11, 12, 11, 10, 11, 11)	(8, 8)
90.90	5.05	1.00	(10, 7, 7, 8, 8, 5)	(32, 32, 32, 32, 32, 32)	(32, 32)
9.98	19.76	1.00	(5, 4, 3, 2, 1, 1)	(32, 32, 32, 32, 32, 32)	(32, 32)
84.18	6.93	1.00	(8, 7, 6, 5, 4, 4)	(32, 32, 32, 32, 32, 32)	(32, 32)
91.15	4.32	1.00	(11, 6, 7, 8, 9, 7)	(32, 32, 32, 32, 32, 32)	(32, 32)
10.53	12.22	1.00	(6, 5, 4, 3, 2, 2)	(32, 32, 32, 32, 32, 32)	(32, 32)
10.71	12.22	1.00	(6, 5, 4, 3, 2, 2)	(32, 32, 32, 32, 32, 32)	(32, 32)
10.02	12.22	1.00	(6, 5, 4, 3, 2, 2)	(32, 32, 32, 32, 32, 32)	(32, 32)
8.98	19.76	1.00	(5, 4, 3, 2, 1, 1)	(32, 32, 32, 32, 32, 32)	(32, 32)
8.89	19.76	1.00	(5, 4, 3, 2, 1, 1)	(32, 32, 32, 32, 32, 32)	(32, 32)
90.35	4.53	1.00	(10, 9, 8, 6, 7, 7)	(32, 32, 32, 32, 32, 32)	(32, 32)
90.74	4.83	2.84	(10, 9, 8, 7, 6, 6)	(11, 11, 12, 12, 13, 9)	(9, 5)
90.07	2.19	3.10	(18, 17, 16, 15, 14, 14)	(11, 10, 10, 9, 10, 11)	(8, 9)
86.39	6.93	1.00	(8, 7, 6, 5, 4, 4)	(32, 32, 32, 32, 32, 32)	(32, 32)
91.07	5.22	1.00	(12, 9, 10, 8, 6, 4)	(32, 32, 32, 32, 32, 32)	(32, 32)
11.49	6.93	1.00	(8, 7, 6, 5, 4, 4)	(32, 32, 32, 32, 32, 32)	(32, 32)
90.31	3.32	1.00	(9, 9, 9, 9, 10, 10)	(32, 32, 32, 32, 32, 32)	(32, 32)
90.58	4.83	3.09	(10, 9, 8, 7, 6, 6)	(11, 10, 10, 10, 9, 8)	(8, 5)
89.52	2.49	1.00	(9, 10, 11, 12, 13, 14)	(32, 32, 32, 32, 32, 32)	(32, 32)
91.06	2.31	1.00	(10, 11, 12, 13, 14, 15)	(32, 32, 32, 32, 32, 32)	(32, 32)
91.01	4.83	1.00	(10, 9, 8, 7, 6, 6)	(32, 32, 32, 32, 32, 32)	(32, 32)
89.45	3.15	1.00	(9, 10, 11, 12, 11, 9)	(32, 32, 32, 32, 32, 32)	(32, 32)
11.24	12.22	1.00	(6, 5, 4, 3, 2, 2)	(32, 32, 32, 32, 32, 32)	(32, 32)
91.20	2.19	2.60	(18, 17, 16, 15, 14, 14)	(12, 12, 13, 14, 15, 16)	(10, 6)
