DeepCaps, mnist
99.08	6.29	5.45	(5, 4, 4, 5, 6, 6)	(7, 5, 5, 8, 2, 3)	(2, 6)
99.29	7.46	3.13	(5, 4, 3, 3, 6, 6)	(11, 10, 11, 6, 5, 6)	(2, 3)
99.60	3.17	4.46	(10, 9, 9, 10, 11, 11)	(9, 5, 8, 8, 2, 4)	(2, 3)
99.49	5.25	5.50	(6, 5, 5, 6, 7, 7)	(8, 5, 4, 4, 2, 4)	(2, 3)
99.05	3.17	5.17	(10, 9, 9, 10, 11, 11)	(9, 5, 4, 4, 2, 3)	(2, 6)
99.57	4.51	5.12	(7, 6, 6, 7, 8, 8)	(9, 5, 4, 5, 2, 4)	(2, 3)
99.40	8.64	3.14	(5, 4, 3, 3, 6, 3)	(11, 11, 9, 6, 3, 6)	(2, 3)
99.54	2.12	5.12	(15, 14, 14, 15, 16, 16)	(9, 5, 4, 5, 2, 4)	(2, 3)
99.16	8.64	5.62	(5, 4, 3, 3, 6, 3)	(7, 5, 5, 5, 2, 3)	(2, 7)
99.51	2.12	5.17	(15, 14, 14, 15, 16, 16)	(9, 5, 4, 4, 2, 4)	(2, 3)
99.27	6.29	3.27	(5, 4, 4, 5, 6, 6)	(11, 11, 7, 5, 4, 5)	(2, 3)
98.79	11.20	5.56	(5, 4, 3, 3, 2, 3)	(7, 5, 5, 6, 2, 3)	(2, 6)
99.33	7.46	5.18	(5, 4, 3, 3, 6, 6)	(7, 5, 7, 7, 2, 3)	(2, 6)
99.62	2.12	3.92	(15, 14, 14, 15, 16, 16)	(9, 7, 10, 6, 2, 5)	(2, 3)
99.57	8.47	3.37	(6, 2, 3, 3, 7, 3)	(10, 10, 9, 5, 10, 5)	(5, 12)
99.60	3.17	5.02	(10, 9, 9, 10, 11, 11)	(9, 5, 5, 4, 2, 4)	(2, 3)
99.67	5.25	4.83	(6, 5, 5, 6, 7, 7)	(8, 5, 8, 5, 2, 4)	(2, 5)
99.54	5.25	5.44	(6, 5, 5, 6, 7, 7)	(8, 5, 4, 5, 2, 4)	(2, 3)
98.89	4.51	5.17	(7, 6, 6, 7, 8, 8)	(9, 5, 4, 4, 2, 3)	(2, 6)
99.56	7.03	3.82	(6, 2, 3, 3, 7, 7)	(10, 5, 11, 12, 5, 8)	(2, 5)
99.35	11.20	3.29	(5, 4, 3, 3, 2, 3)	(11, 10, 8, 7, 3, 6)	(2, 3)
99.58	4.51	3.83	(7, 6, 6, 7, 8, 8)	(12, 7, 5, 5, 7, 4)	(2, 5)
99.58	10.92	3.53	(6, 2, 3, 3, 3, 3)	(10, 9, 8, 8, 5, 5)	(2, 3)
DeepCaps, fashion-mnist
68.35	11.11	2.00	(4, 2, 2, 3, 3, 4)	(16, 16, 16, 16, 16, 16)	(16, 16)
94.64	9.81	3.52	(8, 3, 3, 4, 2, 4)	(11, 8, 8, 9, 3, 8)	(5, 4)
94.80	4.06	3.18	(9, 7, 7, 8, 8, 9)	(11, 12, 6, 6, 5, 7)	(4, 4)
94.89	7.79	2.59	(8, 4, 3, 4, 2, 8)	(14, 11, 12, 11, 14, 14)	(7, 12)
94.69	5.39	3.09	(8, 3, 3, 7, 7, 8)	(13, 8, 11, 6, 13, 6)	(4, 5)
94.69	6.28	3.45	(8, 3, 3, 4, 7, 8)	(11, 8, 9, 8, 6, 6)	(4, 4)
94.83	3.24	3.24	(11, 9, 9, 10, 10, 11)	(9, 13, 7, 6, 5, 7)	(4, 4)
95.00	2.02	3.62	(17, 15, 15, 16, 16, 17)	(11, 7, 8, 9, 10, 7)	(4, 5)
94.74	2.02	2.97	(17, 15, 15, 16, 16, 17)	(12, 13, 6, 6, 5, 6)	(3, 4)
94.23	6.09	4.17	(7, 3, 3, 6, 6, 7)	(9, 7, 7, 6, 6, 7)	(4, 4)
94.16	2.02	4.59	(17, 15, 15, 16, 16, 17)	(8, 7, 5, 7, 5, 6)	(3, 3)
94.90	6.19	2.52	(8, 4, 3, 4, 7, 8)	(15, 10, 14, 11, 14, 15)	(5, 7)
68.34	11.11	2.46	(4, 2, 2, 3, 3, 4)	(13, 13, 13, 13, 13, 13)	(13, 13)
94.37	4.06	4.18	(9, 7, 7, 8, 8, 9)	(8, 9, 5, 6, 5, 6)	(3, 4)
94.22	5.44	4.20	(7, 5, 5, 6, 6, 7)	(10, 7, 5, 6, 3, 6)	(5, 4)
94.91	4.06	3.09	(9, 7, 7, 8, 8, 9)	(9, 14, 6, 11, 6, 8)	(4, 4)
90.97	8.25	2.00	(5, 3, 3, 4, 4, 5)	(16, 16, 16, 16, 16, 16)	(16, 16)
95.03	3.24	2.58	(11, 9, 9, 10, 10, 11)	(12, 16, 8, 8, 5, 7)	(4, 5)
94.61	7.92	3.08	(8, 3, 3, 4, 2, 8)	(11, 10, 11, 8, 7, 8)	(5, 5)
94.14	8.98	3.78	(7, 3, 3, 3, 2, 7)	(9, 9, 7, 7, 7, 5)	(5, 8)
94.89	5.33	2.51	(8, 4, 3, 7, 7, 8)	(13, 16, 8, 8, 6, 7)	(5, 4)
94.22	7.25	3.77	(7, 3, 3, 3, 6, 7)	(9, 10, 5, 7, 8, 6)	(3, 4)
94.83	9.81	2.46	(8, 3, 3, 4, 2, 4)	(13, 13, 13, 13, 13, 13)	(13, 13)
94.24	3.24	4.51	(11, 9, 9, 10, 10, 11)	(8, 7, 6, 6, 5, 6)	(3, 3)
94.89	7.79	2.00	(8, 4, 3, 4, 2, 8)	(16, 16, 16, 16, 16, 16)	(16, 16)
94.35	10.73	3.75	(7, 3, 3, 3, 2, 4)	(9, 9, 7, 7, 11, 6)	(5, 4)
DeepCaps, cifar10
91.17	5.42	1.68	(10, 7, 6, 8, 6, 5)	(19, 19, 19, 19, 19, 19)	(19, 19)
91.17	2.06	2.11	(14, 15, 14, 16, 15, 16)	(19, 15, 9, 11, 12, 10)	(10, 6)
10.00	12.74	1.68	(1, 2, 1, 3, 2, 3)	(19, 19, 19, 19, 19, 19)	(19, 19)
10.00	7.09	2.00	(3, 4, 3, 5, 4, 5)	(16, 16, 16, 16, 16, 16)	(16, 16)
90.49	2.06	3.33	(14, 15, 14, 16, 15, 16)	(11, 9, 8, 10, 8, 10)	(8, 4)
90.82	3.04	2.47	(10, 6, 5, 12, 11, 12)	(14, 12, 12, 16, 11, 10)	(13, 4)
90.92	2.06	2.77	(14, 15, 14, 16, 15, 16)	(15, 10, 8, 11, 8, 10)	(8, 5)
10.00	12.74	2.00	(1, 2, 1, 3, 2, 3)	(16, 16, 16, 16, 16, 16)	(16, 16)
10.00	9.11	2.00	(2, 3, 2, 4, 3, 4)	(16, 16, 16, 16, 16, 16)	(16, 16)
90.82	6.35	2.36	(10, 6, 5, 7, 6, 4)	(13, 16, 10, 14, 10, 9)	(13, 5)
91.13	5.42	1.97	(10, 7, 6, 8, 6, 5)	(19, 16, 11, 18, 14, 10)	(11, 6)
90.85	6.35	2.00	(10, 6, 5, 7, 6, 4)	(16, 16, 16, 16, 16, 16)	(16, 16)
90.42	3.04	3.23	(10, 6, 5, 12, 11, 12)	(11, 9, 9, 12, 8, 10)	(8, 5)
90.42	5.60	2.67	(10, 6, 5, 6, 5, 6)	(14, 9, 14, 12, 9, 10)	(15, 8)
91.11	3.25	2.24	(10, 7, 6, 8, 6, 13)	(17, 15, 8, 13, 9, 14)	(12, 5)
10.00	9.11	1.68	(2, 3, 2, 4, 3, 4)	(19, 19, 19, 19, 19, 19)	(19, 19)
90.46	5.60	2.00	(10, 6, 5, 6, 5, 6)	(16, 16, 16, 16, 16, 16)	(16, 16)
10.00	7.09	1.68	(3, 4, 3, 5, 4, 5)	(19, 19, 19, 19, 19, 19)	(19, 19)
ShallowCapsNet, mnist
98.90	6.69	6.40	(6, 5, 4)	(5, 5, 6)	(5, 4)
98.69	7.99	4.00	(6, 4, 4)	(8, 8, 8)	(8, 8)
99.50	2.03	6.29	(17, 16, 15)	(5, 6, 7)	(7, 4)
99.07	3.27	7.83	(11, 10, 9)	(4, 5, 6)	(5, 4)
98.91	2.03	7.83	(17, 16, 15)	(4, 5, 6)	(5, 4)
99.51	3.27	4.63	(11, 10, 9)	(7, 6, 7)	(5, 4)
99.26	6.69	4.00	(6, 5, 4)	(8, 8, 8)	(8, 8)
99.23	6.69	6.29	(6, 5, 4)	(5, 6, 8)	(8, 5)
98.74	7.99	4.52	(6, 4, 4)	(7, 8, 6)	(5, 5)
99.34	2.03	7.68	(17, 16, 15)	(4, 6, 6)	(5, 5)
99.51	5.53	4.62	(7, 6, 5)	(7, 6, 8)	(5, 4)
99.30	4.11	7.68	(9, 8, 7)	(4, 6, 7)	(4, 5)
99.49	4.11	6.29	(9, 8, 7)	(5, 6, 7)	(5, 4)
99.30	5.53	5.41	(7, 6, 5)	(6, 5, 6)	(7, 4)
29.16	11.48	4.00	(4, 3, 2)	(8, 8, 8)	(8, 8)
98.90	4.11	7.83	(9, 8, 7)	(4, 5, 7)	(5, 3)
99.20	3.27	7.68	(11, 10, 9)	(4, 6, 7)	(5, 3)
99.07	5.53	7.83	(7, 6, 5)	(4, 5, 6)	(7, 4)
90.97	8.45	4.00	(5, 4, 3)	(8, 8, 8)	(8, 8)
99.49	5.75	4.00	(7, 6, 4)	(8, 8, 8)	(8, 8)
ShallowCapsNet, fashion-mnist
92.71	2.03	5.05	(17, 16, 15)	(6, 10, 9)	(7, 7)
92.04	4.11	6.19	(9, 8, 7)	(5, 7, 8)	(7, 6)
44.79	8.45	1.88	(5, 4, 3)	(17, 17, 17)	(17, 17)
92.61	4.57	1.88	(9, 7, 7)	(17, 17, 17)	(17, 17)
92.43	2.03	5.19	(17, 16, 15)	(6, 8, 9)	(7, 6)
91.90	7.20	2.91	(8, 4, 6)	(11, 11, 11)	(11, 11)
84.21	6.69	2.91	(6, 5, 4)	(11, 11, 11)	(11, 11)
92.33	3.27	4.04	(11, 10, 9)	(8, 7, 10)	(7, 7)
92.38	5.33	4.52	(9, 6, 6)	(7, 8, 10)	(7, 7)
21.73	11.48	1.88	(4, 3, 2)	(17, 17, 17)	(17, 17)
92.65	4.57	4.41	(10, 7, 7)	(7, 10, 10)	(6, 6)
92.36	5.33	2.91	(8, 6, 6)	(11, 11, 11)	(11, 11)
91.88	7.20	3.92	(8, 4, 6)	(8, 10, 11)	(11, 8)
84.27	6.69	1.88	(6, 5, 4)	(17, 17, 17)	(17, 17)
92.08	2.03	5.26	(17, 16, 15)	(6, 7, 8)	(7, 6)
92.77	3.27	2.91	(11, 10, 9)	(11, 11, 11)	(9, 8)
92.34	4.11	5.12	(9, 8, 7)	(6, 9, 10)	(11, 6)
21.45	11.48	2.91	(4, 3, 2)	(11, 11, 11)	(11, 11)
44.77	8.45	2.91	(5, 4, 3)	(11, 11, 11)	(11, 11)
90.81	5.53	1.88	(7, 6, 5)	(17, 17, 17)	(17, 17)
91.99	3.27	5.26	(11, 10, 9)	(6, 7, 9)	(6, 6)
