ShallowCapsNet, mnist
99.26	6.69	4.00	(6, 5, 4)	(8, 8, 8)	(8, 8)
8.92	17.91	4.00	(3, 2, 1)	(8, 8, 8)	(8, 8)
99.48	2.16	4.57	(16, 15, 14)	(7, 7, 7)	(4, 4)
90.97	8.45	4.00	(5, 4, 3)	(8, 8, 8)	(8, 8)
98.70	3.64	5.33	(10, 9, 8)	(6, 6, 6)	(3, 3)
99.41	2.16	5.33	(16, 15, 14)	(6, 6, 6)	(5, 4)
99.23	3.64	5.33	(10, 9, 8)	(6, 6, 6)	(4, 4)
98.75	2.16	5.33	(16, 15, 14)	(6, 6, 6)	(3, 3)
99.31	6.69	4.57	(6, 5, 4)	(7, 7, 7)	(6, 4)
99.55	4.72	4.57	(8, 7, 6)	(7, 7, 7)	(5, 4)
98.99	4.72	5.33	(8, 7, 6)	(6, 6, 6)	(3, 3)
29.16	11.48	4.00	(4, 3, 2)	(8, 8, 8)	(8, 8)
99.60	3.64	4.57	(10, 9, 8)	(7, 7, 7)	(5, 4)
98.76	6.69	5.33	(6, 5, 4)	(6, 6, 6)	(4, 3)
99.54	5.53	4.00	(6, 6, 5)	(8, 8, 8)	(8, 8)
99.24	4.72	5.33	(8, 7, 6)	(6, 6, 6)	(4, 4)
99.08	6.69	4.00	(5, 5, 4)	(8, 8, 8)	(8, 8)
99.23	4.72	4.57	(8, 7, 6)	(7, 7, 7)	(5, 5)
99.32	6.40	4.00	(6, 5, 5)	(8, 8, 8)	(8, 8)
98.61	6.69	4.00	(6, 5, 4)	(8, 8, 8)	(8, 8)
99.46	6.13	2.91	(6, 5, 6)	(11, 11, 11)	(11, 11)
99.40	2.16	4.57	(16, 15, 14)	(7, 7, 7)	(5, 5)
99.45	3.64	4.00	(10, 9, 8)	(8, 8, 8)	(5, 5)
37.63	11.48	3.20	(4, 3, 2)	(10, 10, 10)	(10, 10)
99.08	2.16	4.57	(16, 15, 14)	(7, 7, 7)	(5, 4)
73.38	8.45	3.56	(5, 4, 3)	(9, 9, 9)	(9, 9)
99.56	5.53	3.56	(6, 6, 5)	(9, 9, 9)	(9, 9)
99.52	5.15	2.91	(6, 6, 7)	(11, 11, 11)	(11, 11)
9.05	17.91	3.56	(3, 2, 1)	(9, 9, 9)	(9, 9)
99.51	2.16	4.00	(16, 15, 14)	(8, 8, 8)	(5, 6)
98.10	6.69	3.56	(6, 5, 4)	(9, 9, 9)	(9, 9)
70.98	8.45	2.91	(5, 4, 3)	(11, 11, 11)	(11, 11)
98.66	4.72	4.57	(8, 7, 6)	(7, 7, 7)	(5, 4)
33.96	11.48	3.20	(4, 3, 2)	(10, 10, 10)	(10, 10)
33.12	11.48	3.20	(4, 3, 2)	(10, 10, 10)	(10, 10)
99.54	5.15	2.67	(6, 6, 7)	(12, 12, 12)	(12, 12)
99.39	6.40	3.20	(6, 5, 5)	(10, 10, 10)	(10, 10)
99.28	6.40	3.20	(6, 5, 5)	(10, 10, 10)	(10, 10)
99.38	6.13	2.46	(6, 5, 6)	(13, 13, 13)	(13, 13)
99.56	5.33	3.56	(6, 6, 6)	(9, 9, 9)	(9, 9)
98.65	6.69	3.20	(6, 5, 4)	(10, 10, 10)	(10, 10)
98.73	6.69	3.20	(6, 5, 4)	(10, 10, 10)	(10, 10)
22.52	11.48	3.56	(4, 3, 2)	(9, 9, 9)	(9, 9)
27.93	11.48	3.56	(4, 3, 2)	(9, 9, 9)	(9, 9)
99.56	5.33	3.20	(6, 6, 6)	(10, 10, 10)	(10, 10)
10.17	17.91	3.56	(3, 2, 1)	(9, 9, 9)	(9, 9)
99.45	6.40	3.56	(6, 5, 5)	(9, 9, 9)	(9, 9)
99.26	6.40	3.56	(6, 5, 5)	(9, 9, 9)	(9, 9)
99.50	6.40	3.56	(6, 5, 5)	(9, 9, 9)	(9, 9)
67.37	8.45	3.56	(5, 4, 3)	(9, 9, 9)	(9, 9)
99.50	4.72	4.00	(8, 7, 6)	(8, 8, 8)	(6, 5)
24.92	11.48	2.91	(4, 3, 2)	(11, 11, 11)	(11, 11)
98.30	6.69	2.67	(6, 5, 4)	(12, 12, 12)	(12, 12)
99.36	3.64	4.57	(10, 9, 8)	(7, 7, 7)	(5, 5)
98.90	3.64	4.57	(10, 9, 8)	(7, 7, 7)	(5, 4)
8.65	17.91	2.46	(3, 2, 1)	(13, 13, 13)	(13, 13)
99.53	2.16	2.46	(16, 15, 14)	(13, 13, 13)	(7, 7)
99.22	3.64	2.67	(10, 9, 8)	(12, 12, 12)	(5, 5)
99.32	4.00	2.29	(9, 8, 8)	(14, 14, 14)	(14, 14)
98.95	2.16	2.67	(16, 15, 14)	(12, 12, 12)	(6, 6)
8.92	6.69	2.29	(6, 5, 4)	(14, 14, 14)	(14, 14)
9.80	11.48	2.29	(4, 3, 2)	(14, 14, 14)	(14, 14)
99.57	3.56	2.29	(9, 9, 9)	(14, 14, 14)	(14, 14)
99.45	2.16	2.46	(16, 15, 14)	(13, 13, 13)	(6, 6)
9.80	8.45	2.29	(5, 4, 3)	(14, 14, 14)	(14, 14)
37.40	4.72	2.29	(8, 7, 6)	(14, 14, 14)	(14, 14)
99.49	3.64	2.67	(10, 9, 8)	(12, 12, 12)	(6, 6)
9.80	17.91	2.29	(3, 2, 1)	(14, 14, 14)	(14, 14)
ShallowCapsNet, fashion-mnist
92.27	4.72	2.91	(8, 7, 6)	(11, 11, 11)	(11, 11)
44.77	8.45	2.91	(5, 4, 3)	(11, 11, 11)	(11, 11)
92.08	4.72	3.56	(8, 7, 6)	(9, 9, 9)	(6, 6)
92.64	5.32	1.88	(10, 6, 6)	(17, 17, 17)	(17, 17)
92.33	4.72	1.88	(8, 7, 6)	(17, 17, 17)	(17, 17)
92.36	5.33	2.91	(8, 6, 6)	(11, 11, 11)	(11, 11)
92.13	2.16	4.00	(16, 15, 14)	(8, 8, 8)	(6, 6)
92.46	5.33	2.91	(9, 6, 6)	(11, 11, 11)	(11, 11)
21.73	11.48	1.88	(4, 3, 2)	(17, 17, 17)	(17, 17)
84.21	6.69	2.91	(6, 5, 4)	(11, 11, 11)	(11, 11)
21.45	11.48	2.91	(4, 3, 2)	(11, 11, 11)	(11, 11)
44.79	8.45	1.88	(5, 4, 3)	(17, 17, 17)	(17, 17)
7.49	17.91	2.91	(3, 2, 1)	(11, 11, 11)	(11, 11)
92.62	3.64	3.20	(10, 9, 8)	(10, 10, 9)	(7, 6)
7.58	17.91	1.88	(3, 2, 1)	(17, 17, 17)	(17, 17)
92.44	2.16	3.56	(16, 15, 14)	(9, 9, 9)	(6, 6)
92.38	3.64	4.00	(10, 9, 8)	(8, 8, 8)	(6, 6)
84.27	6.69	1.88	(6, 5, 4)	(17, 17, 17)	(17, 17)
92.48	3.64	3.56	(10, 9, 8)	(9, 9, 9)	(6, 6)
92.75	2.16	2.93	(16, 15, 14)	(11, 10, 9)	(10, 7)
92.61	3.89	2.67	(10, 8, 9)	(12, 12, 12)	(12, 12)
11.39	11.48	2.29	(4, 3, 2)	(14, 14, 14)	(14, 14)
22.13	8.45	2.46	(5, 4, 3)	(13, 13, 13)	(13, 13)
92.50	5.14	2.67	(9, 6, 7)	(12, 12, 12)	(12, 12)
92.23	3.64	3.56	(10, 9, 8)	(9, 9, 9)	(8, 8)
33.36	8.45	2.29	(5, 4, 3)	(14, 14, 14)	(14, 14)
92.44	2.16	3.20	(16, 15, 14)	(10, 10, 9)	(8, 7)
71.69	6.69	2.67	(6, 5, 4)	(12, 12, 12)	(12, 12)
71.04	6.69	2.67	(6, 5, 4)	(12, 12, 12)	(12, 12)
9.93	17.91	2.29	(3, 2, 1)	(14, 14, 14)	(14, 14)
92.49	3.64	2.91	(9, 9, 8)	(11, 11, 11)	(11, 11)
92.42	5.33	2.67	(9, 6, 6)	(12, 12, 12)	(12, 12)
92.15	5.33	2.67	(9, 6, 6)	(12, 12, 12)	(12, 12)
92.02	3.83	2.46	(8, 9, 6)	(13, 13, 13)	(13, 13)
92.50	3.74	2.67	(9, 9, 7)	(12, 12, 12)	(12, 12)
91.67	4.72	2.67	(8, 7, 6)	(12, 12, 12)	(12, 12)
12.46	11.48	2.67	(4, 3, 2)	(12, 12, 12)	(12, 12)
90.93	4.43	2.67	(8, 7, 8)	(12, 12, 12)	(12, 12)
9.93	17.91	2.67	(3, 2, 1)	(12, 12, 12)	(12, 12)
92.42	5.33	2.46	(9, 6, 6)	(13, 13, 13)	(13, 13)
91.56	5.33	2.91	(9, 6, 6)	(11, 11, 11)	(11, 11)
28.77	8.45	2.91	(5, 4, 3)	(11, 11, 11)	(11, 11)
92.63	2.16	3.20	(16, 15, 14)	(10, 10, 11)	(7, 8)
10.94	11.48	2.67	(4, 3, 2)	(12, 12, 12)	(12, 12)
10.78	11.48	2.67	(4, 3, 2)	(12, 12, 12)	(12, 12)
91.61	4.11	2.67	(8, 8, 7)	(12, 12, 12)	(12, 12)
9.69	11.48	2.67	(4, 3, 2)	(12, 12, 12)	(12, 12)
92.70	3.64	2.89	(10, 9, 8)	(11, 12, 12)	(9, 7)
92.61	3.16	2.29	(10, 11, 7)	(14, 14, 14)	(14, 14)
10.57	17.91	2.46	(3, 2, 1)	(13, 13, 13)	(13, 13)
69.87	6.69	2.00	(6, 5, 4)	(16, 16, 16)	(16, 16)
92.73	2.85	2.29	(10, 11, 12)	(14, 14, 14)	(14, 14)
92.15	4.72	2.67	(8, 7, 6)	(12, 12, 12)	(12, 12)
92.64	3.73	2.00	(11, 9, 7)	(16, 16, 16)	(16, 16)
91.86	4.72	2.91	(8, 7, 6)	(11, 11, 11)	(11, 11)
92.57	4.71	2.29	(10, 7, 6)	(14, 14, 14)	(14, 14)
92.21	4.87	2.67	(10, 7, 5)	(12, 12, 12)	(12, 12)
92.00	2.16	3.56	(16, 15, 14)	(9, 9, 9)	(6, 6)
11.54	11.48	2.67	(4, 3, 2)	(12, 12, 12)	(12, 12)
92.12	3.64	3.56	(10, 9, 8)	(9, 9, 9)	(6, 6)
92.70	3.89	2.67	(11, 8, 9)	(12, 12, 12)	(12, 12)
92.28	6.12	2.67	(9, 5, 6)	(12, 12, 12)	(12, 12)
10.00	11.48	1.60	(4, 3, 2)	(20, 20, 20)	(20, 20)
82.66	3.64	1.60	(10, 9, 8)	(20, 20, 20)	(20, 20)
0.27	8.45	1.60	(5, 4, 3)	(20, 20, 20)	(20, 20)
0.64	8.45	1.88	(5, 4, 3)	(17, 17, 17)	(17, 17)
82.88	3.64	1.88	(10, 9, 8)	(17, 17, 17)	(17, 17)
92.62	2.16	2.00	(16, 15, 14)	(16, 16, 16)	(10, 10)
92.43	3.27	1.88	(13, 10, 9)	(17, 17, 17)	(17, 17)
25.46	4.72	1.60	(8, 7, 6)	(20, 20, 20)	(20, 20)
10.00	11.48	1.88	(4, 3, 2)	(17, 17, 17)	(17, 17)
92.01	3.27	1.88	(12, 10, 9)	(17, 17, 17)	(17, 17)
10.00	17.91	1.88	(3, 2, 1)	(17, 17, 17)	(17, 17)
5.01	6.69	1.88	(6, 5, 4)	(17, 17, 17)	(17, 17)
4.97	6.69	1.60	(6, 5, 4)	(20, 20, 20)	(20, 20)
91.89	2.16	2.13	(16, 15, 14)	(15, 15, 15)	(7, 7)
25.50	4.72	1.88	(8, 7, 6)	(17, 17, 17)	(17, 17)
92.46	2.16	2.00	(16, 15, 14)	(16, 16, 15)	(10, 9)
92.62	2.72	1.60	(13, 12, 11)	(20, 20, 20)	(20, 20)
10.00	17.91	1.60	(3, 2, 1)	(20, 20, 20)	(20, 20)
DeepCaps, mnist
98.83	2.14	3.20	(18, 17, 16, 15, 14, 14)	(10, 10, 10, 10, 10, 10)	(6, 6)
98.80	2.14	3.20	(18, 17, 16, 15, 14, 14)	(10, 10, 10, 10, 10, 10)	(6, 6)
51.35	4.59	2.91	(10, 9, 8, 7, 6, 6)	(11, 11, 11, 11, 11, 11)	(11, 11)
98.96	3.56	3.20	(12, 11, 10, 9, 8, 8)	(10, 10, 10, 10, 10, 10)	(6, 6)
98.94	3.56	3.20	(12, 11, 10, 9, 8, 8)	(10, 10, 10, 10, 10, 10)	(6, 6)
50.17	4.59	2.46	(10, 9, 8, 7, 6, 6)	(13, 13, 13, 13, 13, 13)	(13, 13)
43.45	6.43	2.46	(8, 7, 6, 5, 4, 4)	(13, 13, 13, 13, 13, 13)	(13, 13)
11.56	8.04	2.91	(7, 6, 5, 4, 3, 3)	(11, 11, 11, 11, 11, 11)	(11, 11)
11.54	8.04	2.91	(7, 6, 5, 4, 3, 3)	(11, 11, 11, 11, 11, 11)	(11, 11)
99.71	4.31	2.46	(8, 8, 8, 8, 8, 5)	(13, 13, 13, 13, 13, 13)	(13, 13)
98.91	4.43	2.91	(8, 8, 8, 8, 8, 4)	(11, 11, 11, 11, 11, 11)	(11, 11)
98.94	4.43	2.91	(8, 8, 8, 8, 8, 4)	(11, 11, 11, 11, 11, 11)	(11, 11)
9.74	10.74	2.46	(6, 5, 4, 3, 2, 2)	(13, 13, 13, 13, 13, 13)	(13, 13)
99.34	3.56	2.91	(12, 11, 10, 9, 8, 8)	(11, 11, 11, 11, 11, 11)	(5, 5)
9.85	10.74	2.46	(6, 5, 4, 3, 2, 2)	(13, 13, 13, 13, 13, 13)	(13, 13)
99.38	3.56	2.91	(12, 11, 10, 9, 8, 8)	(11, 11, 11, 11, 11, 11)	(5, 5)
99.67	3.56	2.91	(12, 11, 10, 9, 8, 8)	(11, 11, 11, 11, 11, 11)	(6, 6)
99.66	3.56	2.91	(12, 11, 10, 9, 8, 8)	(11, 11, 11, 11, 11, 11)	(6, 6)
99.32	2.14	2.91	(18, 17, 16, 15, 14, 14)	(11, 11, 11, 11, 11, 11)	(5, 5)
99.31	2.14	2.91	(18, 17, 16, 15, 14, 14)	(11, 11, 11, 11, 11, 11)	(5, 5)
41.20	6.43	2.91	(8, 7, 6, 5, 4, 4)	(11, 11, 11, 11, 11, 11)	(11, 11)
99.43	4.21	2.46	(8, 8, 8, 8, 7, 7)	(13, 13, 13, 13, 13, 13)	(13, 13)
99.42	4.21	2.46	(8, 8, 8, 8, 7, 7)	(13, 13, 13, 13, 13, 13)	(13, 13)
99.65	2.14	2.91	(18, 17, 16, 15, 14, 14)	(11, 11, 11, 11, 11, 11)	(6, 6)
9.80	16.17	2.91	(5, 4, 3, 2, 1, 1)	(11, 11, 11, 11, 11, 11)	(11, 11)
10.57	8.04	2.46	(7, 6, 5, 4, 3, 3)	(13, 13, 13, 13, 13, 13)	(13, 13)
10.66	8.04	2.46	(7, 6, 5, 4, 3, 3)	(13, 13, 13, 13, 13, 13)	(13, 13)
52.13	4.59	2.91	(10, 9, 8, 7, 6, 6)	(11, 11, 11, 11, 11, 11)	(11, 11)
9.80	10.74	2.91	(6, 5, 4, 3, 2, 2)	(11, 11, 11, 11, 11, 11)	(11, 11)
9.85	10.74	2.91	(6, 5, 4, 3, 2, 2)	(11, 11, 11, 11, 11, 11)	(11, 11)
41.54	6.43	2.46	(8, 7, 6, 5, 4, 4)	(13, 13, 13, 13, 13, 13)	(13, 13)
42.12	6.43	2.91	(8, 7, 6, 5, 4, 4)	(11, 11, 11, 11, 11, 11)	(11, 11)
50.27	4.59	2.46	(10, 9, 8, 7, 6, 6)	(13, 13, 13, 13, 13, 13)	(13, 13)
9.80	16.17	2.46	(5, 4, 3, 2, 1, 1)	(13, 13, 13, 13, 13, 13)	(13, 13)
99.30	4.59	5.49	(10, 9, 8, 7, 6, 6)	(7, 6, 4, 4, 3, 3)	(6, 4)
7.39	16.17	3.20	(5, 4, 3, 2, 1, 1)	(10, 10, 10, 10, 10, 10)	(10, 10)
99.63	4.59	4.93	(10, 9, 8, 7, 6, 6)	(9, 5, 5, 5, 5, 5)	(3, 3)
99.04	10.42	3.20	(5, 4, 3, 3, 3, 3)	(10, 10, 10, 10, 10, 10)	(10, 10)
99.53	6.43	5.30	(8, 7, 6, 5, 4, 4)	(7, 6, 5, 4, 4, 4)	(4, 3)
99.53	8.04	5.30	(7, 6, 5, 4, 3, 3)	(7, 6, 5, 4, 4, 4)	(6, 5)
99.47	10.74	4.93	(6, 5, 4, 3, 2, 2)	(9, 5, 5, 5, 5, 5)	(4, 4)
99.58	2.14	5.30	(18, 17, 16, 15, 14, 14)	(7, 6, 5, 4, 4, 4)	(4, 3)
99.26	6.43	5.49	(8, 7, 6, 5, 4, 4)	(7, 6, 4, 4, 3, 3)	(6, 4)
99.70	8.04	4.95	(7, 6, 5, 4, 3, 3)	(9, 5, 5, 5, 4, 4)	(5, 5)
99.69	3.56	4.93	(12, 11, 10, 9, 8, 8)	(9, 5, 5, 5, 5, 5)	(3, 3)
99.38	10.74	5.25	(6, 5, 4, 3, 2, 2)	(7, 6, 5, 5, 4, 4)	(6, 5)
7.76	16.17	2.91	(5, 4, 3, 2, 1, 1)	(11, 11, 11, 11, 11, 11)	(11, 11)
7.54	16.17	2.67	(5, 4, 3, 2, 1, 1)	(12, 12, 12, 12, 12, 12)	(12, 12)
99.51	8.04	5.30	(7, 6, 5, 4, 3, 3)	(7, 6, 5, 4, 4, 4)	(4, 3)
99.69	6.43	4.95	(8, 7, 6, 5, 4, 4)	(9, 5, 5, 5, 4, 4)	(3, 3)
99.61	4.59	5.30	(10, 9, 8, 7, 6, 6)	(7, 6, 5, 4, 4, 4)	(4, 3)
99.36	10.42	2.91	(5, 4, 3, 3, 3, 3)	(11, 11, 11, 11, 11, 11)	(11, 11)
99.56	12.33	2.67	(6, 3, 3, 3, 2, 2)	(12, 12, 12, 12, 12, 12)	(12, 12)
99.54	3.56	5.47	(12, 11, 10, 9, 8, 8)	(7, 6, 4, 4, 4, 4)	(5, 3)
99.30	2.14	5.49	(18, 17, 16, 15, 14, 14)	(7, 6, 4, 4, 3, 3)	(6, 4)
99.57	10.74	3.34	(6, 5, 4, 3, 2, 2)	(10, 10, 9, 7, 7, 7)	(7, 6)
99.28	3.56	5.49	(12, 11, 10, 9, 8, 8)	(7, 6, 4, 4, 3, 3)	(6, 4)
99.66	2.14	4.94	(18, 17, 16, 15, 14, 14)	(9, 5, 5, 5, 5, 4)	(5, 5)
99.17	8.04	5.35	(7, 6, 5, 4, 3, 3)	(6, 6, 6, 6, 5, 5)	(4, 4)
15.70	16.17	3.20	(5, 4, 3, 2, 1, 1)	(10, 10, 10, 10, 10, 10)	(10, 10)
99.49	3.56	5.58	(12, 11, 10, 9, 8, 8)	(6, 6, 5, 5, 5, 5)	(5, 4)
99.51	2.14	5.76	(18, 17, 16, 15, 14, 14)	(6, 5, 6, 5, 5, 5)	(3, 4)
10.81	16.17	3.20	(5, 4, 3, 2, 1, 1)	(10, 10, 10, 10, 10, 10)	(10, 10)
99.41	4.59	5.89	(10, 9, 8, 7, 6, 6)	(6, 5, 5, 6, 5, 4)	(5, 5)
99.66	7.39	3.20	(5, 5, 5, 4, 5, 3)	(10, 10, 10, 10, 10, 10)	(10, 10)
98.60	7.27	3.20	(5, 3, 4, 5, 4, 5)	(10, 10, 10, 10, 10, 10)	(10, 10)
89.78	10.74	4.00	(6, 5, 4, 3, 2, 2)	(8, 8, 8, 8, 8, 8)	(8, 8)
99.37	3.56	6.40	(12, 11, 10, 9, 8, 8)	(5, 5, 5, 5, 5, 5)	(4, 4)
99.48	6.43	5.35	(8, 7, 6, 5, 4, 4)	(6, 6, 6, 6, 5, 5)	(4, 4)
99.32	6.43	6.38	(8, 7, 6, 5, 4, 4)	(5, 5, 5, 5, 6, 6)	(4, 4)
99.29	4.59	6.40	(10, 9, 8, 7, 6, 6)	(5, 5, 5, 5, 5, 5)	(4, 4)
98.26	10.74	2.67	(6, 5, 4, 3, 2, 2)	(12, 12, 12, 12, 12, 12)	(12, 12)
99.68	7.96	2.91	(6, 4, 4, 4, 5, 3)	(11, 11, 11, 11, 11, 11)	(11, 11)
98.48	10.74	2.91	(6, 5, 4, 3, 2, 2)	(11, 11, 11, 11, 11, 11)	(11, 11)
99.36	2.14	6.40	(18, 17, 16, 15, 14, 14)	(5, 5, 5, 5, 5, 5)	(4, 4)
99.52	8.04	5.35	(7, 6, 5, 4, 3, 3)	(6, 6, 6, 6, 5, 6)	(4, 4)
99.49	8.26	3.56	(5, 5, 6, 3, 3, 3)	(9, 9, 9, 9, 9, 9)	(9, 9)
99.57	6.43	4.76	(8, 7, 6, 5, 4, 4)	(7, 7, 6, 6, 5, 6)	(5, 4)
99.65	4.59	4.50	(10, 9, 8, 7, 6, 6)	(7, 8, 6, 6, 6, 5)	(6, 4)
99.61	8.90	2.67	(6, 4, 4, 4, 3, 3)	(12, 12, 12, 12, 12, 12)	(12, 12)
99.04	10.74	3.56	(6, 5, 4, 3, 2, 2)	(9, 9, 9, 9, 9, 9)	(9, 9)
99.68	2.14	4.98	(18, 17, 16, 15, 14, 14)	(7, 6, 6, 7, 6, 5)	(4, 4)
99.51	8.04	4.74	(7, 6, 5, 4, 3, 3)	(7, 7, 6, 6, 7, 8)	(6, 4)
98.89	10.74	3.20	(6, 5, 4, 3, 2, 2)	(10, 10, 10, 10, 10, 10)	(10, 10)
98.56	6.14	3.56	(5, 3, 4, 5, 6, 7)	(9, 9, 9, 9, 9, 9)	(9, 9)
99.36	8.44	4.00	(5, 5, 4, 3, 4, 4)	(8, 8, 8, 8, 8, 8)	(8, 8)
14.90	16.17	3.56	(5, 4, 3, 2, 1, 1)	(9, 9, 9, 9, 9, 9)	(9, 9)
99.55	9.07	3.20	(7, 4, 4, 3, 4, 3)	(10, 10, 10, 10, 10, 10)	(10, 10)
98.83	10.74	4.10	(6, 5, 4, 3, 2, 2)	(8, 8, 7, 8, 7, 6)	(9, 9)
99.63	3.56	4.87	(12, 11, 10, 9, 8, 8)	(7, 6, 7, 6, 7, 8)	(2, 3)
DeepCaps, fashion-mnist
10.00	10.74	1.60	(6, 5, 4, 3, 2, 2)	(20, 20, 20, 20, 20, 20)	(20, 20)
94.33	3.56	2.91	(12, 11, 10, 9, 8, 8)	(11, 11, 11, 11, 11, 11)	(7, 7)
94.65	2.14	2.67	(18, 17, 16, 15, 14, 14)	(12, 12, 12, 12, 12, 12)	(7, 6)
94.30	3.56	2.91	(12, 11, 10, 9, 8, 8)	(11, 11, 11, 11, 11, 11)	(7, 7)
94.97	5.65	1.00	(11, 7, 6, 6, 5, 5)	(32, 32, 32, 32, 32, 32)	(32, 32)
17.72	8.04	2.46	(7, 6, 5, 4, 3, 3)	(13, 13, 13, 13, 13, 13)	(13, 13)
14.46	8.04	2.00	(7, 6, 5, 4, 3, 3)	(16, 16, 16, 16, 16, 16)	(16, 16)
17.15	8.04	2.46	(7, 6, 5, 4, 3, 3)	(13, 13, 13, 13, 13, 13)	(13, 13)
10.00	10.74	2.00	(6, 5, 4, 3, 2, 2)	(16, 16, 16, 16, 16, 16)	(16, 16)
10.00	10.74	1.00	(6, 5, 4, 3, 2, 2)	(32, 32, 32, 32, 32, 32)	(32, 32)
9.84	16.17	2.46	(5, 4, 3, 2, 1, 1)	(13, 13, 13, 13, 13, 13)	(13, 13)
9.99	16.17	1.60	(5, 4, 3, 2, 1, 1)	(20, 20, 20, 20, 20, 20)	(20, 20)
94.69	4.59	2.81	(10, 9, 8, 7, 6, 6)	(12, 11, 11, 11, 11, 11)	(6, 6)
94.20	5.65	2.46	(9, 7, 6, 6, 5, 5)	(13, 13, 13, 13, 13, 13)	(13, 13)
35.83	6.43	1.60	(8, 7, 6, 5, 4, 4)	(20, 20, 20, 20, 20, 20)	(20, 20)
11.03	8.04	1.60	(7, 6, 5, 4, 3, 3)	(20, 20, 20, 20, 20, 20)	(20, 20)
94.65	2.14	2.67	(18, 17, 16, 15, 14, 14)	(12, 12, 12, 12, 12, 12)	(6, 6)
94.59	2.14	2.67	(18, 17, 16, 15, 14, 14)	(12, 12, 12, 12, 12, 12)	(6, 6)
10.00	10.74	2.46	(6, 5, 4, 3, 2, 2)	(13, 13, 13, 13, 13, 13)	(13, 13)
94.78	3.56	2.67	(12, 11, 10, 9, 8, 8)	(12, 12, 12, 12, 12, 12)	(6, 6)
94.77	3.56	2.67	(12, 11, 10, 9, 8, 8)	(12, 12, 12, 12, 12, 12)	(6, 6)
13.77	8.04	2.00	(7, 6, 5, 4, 3, 3)	(16, 16, 16, 16, 16, 16)	(16, 16)
7.76	8.04	1.00	(7, 6, 5, 4, 3, 3)	(32, 32, 32, 32, 32, 32)	(32, 32)
10.10	16.17	2.00	(5, 4, 3, 2, 1, 1)	(16, 16, 16, 16, 16, 16)	(16, 16)
10.01	16.17	2.00	(5, 4, 3, 2, 1, 1)	(16, 16, 16, 16, 16, 16)	(16, 16)
94.26	4.59	2.91	(10, 9, 8, 7, 6, 6)	(11, 11, 11, 11, 11, 11)	(5, 5)
94.82	5.65	2.00	(10, 7, 6, 6, 5, 5)	(16, 16, 16, 16, 16, 16)	(16, 16)
94.99	5.65	1.60	(11, 7, 6, 6, 5, 5)	(20, 20, 20, 20, 20, 20)	(20, 20)
94.94	3.56	2.67	(12, 11, 10, 9, 8, 8)	(12, 12, 12, 12, 12, 12)	(7, 7)
94.94	2.14	2.67	(18, 17, 16, 15, 14, 14)	(12, 12, 12, 12, 12, 12)	(8, 7)
94.93	3.56	2.67	(12, 11, 10, 9, 8, 8)	(12, 12, 12, 12, 12, 12)	(7, 7)
94.83	5.65	2.00	(10, 7, 6, 6, 5, 5)	(16, 16, 16, 16, 16, 16)	(16, 16)
94.83	4.59	1.00	(10, 9, 8, 7, 6, 6)	(32, 32, 32, 32, 32, 32)	(32, 32)
35.77	6.43	2.00	(8, 7, 6, 5, 4, 4)	(16, 16, 16, 16, 16, 16)	(16, 16)
35.80	6.43	1.00	(8, 7, 6, 5, 4, 4)	(32, 32, 32, 32, 32, 32)	(32, 32)
35.73	6.43	2.00	(8, 7, 6, 5, 4, 4)	(16, 16, 16, 16, 16, 16)	(16, 16)
9.91	16.17	1.00	(5, 4, 3, 2, 1, 1)	(32, 32, 32, 32, 32, 32)	(32, 32)
94.84	4.59	1.60	(10, 9, 8, 7, 6, 6)	(20, 20, 20, 20, 20, 20)	(20, 20)
35.60	6.43	2.46	(8, 7, 6, 5, 4, 4)	(13, 13, 13, 13, 13, 13)	(13, 13)
35.44	6.43	2.46	(8, 7, 6, 5, 4, 4)	(13, 13, 13, 13, 13, 13)	(13, 13)
94.71	4.59	2.91	(10, 9, 8, 7, 6, 6)	(11, 11, 11, 11, 11, 11)	(6, 6)
94.93	2.14	2.67	(18, 17, 16, 15, 14, 14)	(12, 12, 12, 12, 12, 12)	(8, 8)
9.85	16.17	2.46	(5, 4, 3, 2, 1, 1)	(13, 13, 13, 13, 13, 13)	(13, 13)
95.04	8.00	2.00	(8, 4, 4, 4, 4, 4)	(16, 16, 16, 16, 16, 16)	(16, 16)
92.38	10.74	2.00	(6, 5, 4, 3, 2, 2)	(16, 16, 16, 16, 16, 16)	(16, 16)
94.63	3.56	4.04	(12, 11, 10, 9, 8, 8)	(8, 8, 8, 7, 7, 7)	(4, 3)
22.84	16.17	2.00	(5, 4, 3, 2, 1, 1)	(16, 16, 16, 16, 16, 16)	(16, 16)
94.33	4.59	4.50	(10, 9, 8, 7, 6, 6)	(8, 7, 6, 6, 6, 6)	(4, 3)
94.92	2.14	3.67	(18, 17, 16, 15, 14, 14)	(9, 9, 8, 8, 7, 7)	(6, 5)
94.23	8.04	2.46	(7, 6, 5, 4, 3, 3)	(13, 13, 13, 13, 13, 13)	(13, 13)
94.71	6.43	4.34	(8, 7, 6, 5, 4, 4)	(8, 7, 7, 7, 7, 7)	(4, 3)
94.89	6.43	4.34	(8, 7, 6, 5, 4, 4)	(8, 7, 7, 7, 7, 7)	(7, 6)
94.90	4.59	3.95	(10, 9, 8, 7, 6, 6)	(9, 8, 7, 7, 7, 7)	(6, 5)
22.70	16.17	2.91	(5, 4, 3, 2, 1, 1)	(11, 11, 11, 11, 11, 11)	(11, 11)
94.61	6.43	4.50	(8, 7, 6, 5, 4, 4)	(8, 7, 6, 6, 6, 6)	(4, 3)
94.38	2.14	4.50	(18, 17, 16, 15, 14, 14)	(8, 7, 6, 6, 6, 6)	(4, 3)
94.95	3.56	3.69	(12, 11, 10, 9, 8, 8)	(9, 9, 8, 7, 7, 7)	(6, 5)
94.40	3.56	4.50	(12, 11, 10, 9, 8, 8)	(8, 7, 6, 6, 6, 6)	(4, 3)
92.39	10.74	2.46	(6, 5, 4, 3, 2, 2)	(13, 13, 13, 13, 13, 13)	(13, 13)
94.68	2.14	4.00	(18, 17, 16, 15, 14, 14)	(8, 8, 8, 8, 8, 8)	(4, 4)
22.89	16.17	2.46	(5, 4, 3, 2, 1, 1)	(13, 13, 13, 13, 13, 13)	(13, 13)
94.24	8.04	3.81	(7, 6, 5, 4, 3, 3)	(9, 9, 7, 6, 6, 6)	(9, 4)
94.14	10.66	2.91	(7, 3, 3, 3, 3, 3)	(11, 11, 11, 11, 11, 11)	(11, 11)
94.71	4.59	4.34	(10, 9, 8, 7, 6, 6)	(8, 7, 7, 7, 7, 7)	(4, 4)
94.68	8.90	2.46	(8, 4, 4, 4, 3, 3)	(13, 13, 13, 13, 13, 13)	(13, 13)
92.40	10.74	2.91	(6, 5, 4, 3, 2, 2)	(11, 11, 11, 11, 11, 11)	(11, 11)
94.26	8.04	2.00	(7, 6, 5, 4, 3, 3)	(16, 16, 16, 16, 16, 16)	(16, 16)
94.64	3.56	4.34	(12, 11, 10, 9, 8, 8)	(8, 7, 7, 7, 7, 6)	(5, 5)
94.29	2.14	4.35	(18, 17, 16, 15, 14, 14)	(8, 7, 7, 7, 6, 7)	(5, 4)
94.98	6.66	2.29	(9, 5, 5, 5, 5, 4)	(14, 14, 14, 14, 14, 14)	(14, 14)
78.61	10.74	2.67	(6, 5, 4, 3, 2, 2)	(12, 12, 12, 12, 12, 12)	(12, 12)
19.63	16.17	2.00	(5, 4, 3, 2, 1, 1)	(16, 16, 16, 16, 16, 16)	(16, 16)
94.83	3.56	3.95	(12, 11, 10, 9, 8, 8)	(8, 9, 7, 7, 7, 7)	(8, 5)
94.63	2.14	3.66	(18, 17, 16, 15, 14, 14)	(8, 9, 10, 8, 8, 7)	(4, 6)
94.81	4.59	3.69	(10, 9, 8, 7, 6, 6)	(10, 8, 8, 7, 7, 8)	(7, 6)
76.89	10.74	3.20	(6, 5, 4, 3, 2, 2)	(10, 10, 10, 10, 10, 10)	(10, 10)
95.05	2.14	3.58	(18, 17, 16, 15, 14, 14)	(10, 8, 9, 8, 8, 8)	(5, 7)
94.17	8.04	2.13	(7, 6, 5, 4, 3, 3)	(15, 15, 15, 15, 15, 15)	(15, 15)
94.56	6.43	4.24	(8, 7, 6, 5, 4, 4)	(8, 7, 8, 7, 6, 6)	(5, 5)
94.85	3.56	3.64	(12, 11, 10, 9, 8, 8)	(9, 9, 8, 9, 8, 9)	(6, 4)
94.33	8.90	3.20	(8, 4, 4, 4, 3, 3)	(10, 10, 10, 10, 10, 10)	(10, 10)
69.98	10.74	2.91	(6, 5, 4, 3, 2, 2)	(11, 11, 11, 11, 11, 11)	(11, 11)
94.88	4.59	4.10	(10, 9, 8, 7, 6, 6)	(8, 8, 7, 8, 8, 6)	(6, 6)
94.17	6.88	3.20	(7, 7, 5, 4, 4, 5)	(10, 10, 10, 10, 10, 10)	(10, 10)
94.96	5.81	2.67	(9, 5, 5, 6, 7, 4)	(12, 12, 12, 12, 12, 12)	(12, 12)
94.75	7.27	3.20	(8, 5, 5, 5, 4, 3)	(10, 10, 10, 10, 10, 10)	(10, 10)
94.68	6.43	3.25	(8, 7, 6, 5, 4, 4)	(10, 10, 10, 8, 8, 9)	(7, 6)
77.70	10.74	2.67	(6, 5, 4, 3, 2, 2)	(12, 12, 12, 12, 12, 12)	(12, 12)
94.53	8.90	2.91	(8, 4, 4, 4, 3, 3)	(11, 11, 11, 11, 11, 11)	(11, 11)
7.14	16.17	1.88	(5, 4, 3, 2, 1, 1)	(17, 17, 17, 17, 17, 17)	(17, 17)
94.97	6.26	2.13	(9, 7, 4, 5, 6, 5)	(15, 15, 15, 15, 15, 15)	(15, 15)
94.59	7.86	2.00	(8, 5, 4, 4, 4, 4)	(16, 16, 16, 16, 16, 16)	(16, 16)
94.60	4.32	2.29	(8, 6, 7, 8, 7, 8)	(14, 14, 14, 14, 14, 14)	(14, 14)
94.30	7.60	3.20	(7, 4, 4, 4, 5, 4)	(10, 10, 10, 10, 10, 10)	(10, 10)
94.33	4.59	4.35	(10, 9, 8, 7, 6, 6)	(8, 7, 7, 7, 6, 7)	(5, 4)
94.80	3.26	1.88	(8, 9, 10, 11, 10, 8)	(17, 17, 17, 17, 17, 17)	(17, 17)
94.65	7.21	2.67	(8, 4, 5, 4, 4, 5)	(12, 12, 12, 12, 12, 12)	(12, 12)
72.01	10.74	3.20	(6, 5, 4, 3, 2, 2)	(10, 10, 10, 10, 10, 10)	(10, 10)
93.46	8.04	3.20	(7, 6, 5, 4, 3, 3)	(10, 10, 10, 10, 10, 10)	(10, 10)
94.74	6.43	2.29	(8, 7, 6, 5, 4, 4)	(14, 14, 14, 14, 14, 14)	(14, 14)
93.34	8.04	3.20	(7, 6, 5, 4, 3, 3)	(10, 10, 10, 10, 10, 10)	(10, 10)
91.78	7.45	3.20	(7, 7, 4, 5, 4, 3)	(10, 10, 10, 10, 10, 10)	(10, 10)
62.77	10.74	2.29	(6, 5, 4, 3, 2, 2)	(14, 14, 14, 14, 14, 14)	(14, 14)
37.32	16.17	3.20	(5, 4, 3, 2, 1, 1)	(10, 10, 10, 10, 10, 10)	(10, 10)
DeepCaps, cifar10
10.00	6.93	1.60	(8, 7, 6, 5, 4, 4)	(20, 20, 20, 20, 20, 20)	(20, 20)
90.95	2.19	2.46	(18, 17, 16, 15, 14, 14)	(13, 13, 13, 13, 13, 13)	(8, 5)
9.99	19.76	1.60	(5, 4, 3, 2, 1, 1)	(20, 20, 20, 20, 20, 20)	(20, 20)
54.47	4.83	1.00	(10, 9, 8, 7, 6, 6)	(32, 32, 32, 32, 32, 32)	(32, 32)
90.55	4.62	1.68	(13, 9, 8, 8, 7, 6)	(19, 19, 19, 19, 19, 19)	(19, 19)
90.38	3.33	2.46	(13, 12, 11, 10, 9, 9)	(13, 13, 13, 13, 13, 13)	(8, 8)
89.29	3.33	1.00	(13, 12, 11, 10, 9, 9)	(32, 32, 32, 32, 32, 32)	(32, 32)
10.08	8.84	1.68	(7, 6, 5, 4, 3, 3)	(19, 19, 19, 19, 19, 19)	(19, 19)
10.00	8.84	1.00	(7, 6, 5, 4, 3, 3)	(32, 32, 32, 32, 32, 32)	(32, 32)
90.83	4.10	1.60	(13, 10, 9, 9, 7, 7)	(20, 20, 20, 20, 20, 20)	(20, 20)
10.01	19.76	1.68	(5, 4, 3, 2, 1, 1)	(19, 19, 19, 19, 19, 19)	(19, 19)
91.19	2.19	2.17	(18, 17, 16, 15, 14, 14)	(15, 15, 14, 14, 13, 13)	(8, 6)
58.13	4.83	1.39	(10, 9, 8, 7, 6, 6)	(23, 23, 23, 23, 23, 23)	(23, 23)
57.67	4.83	1.68	(10, 9, 8, 7, 6, 6)	(19, 19, 19, 19, 19, 19)	(19, 19)
90.84	3.33	1.39	(13, 12, 11, 10, 9, 9)	(23, 23, 23, 23, 23, 23)	(23, 23)
10.00	6.93	1.00	(8, 7, 6, 5, 4, 4)	(32, 32, 32, 32, 32, 32)	(32, 32)
10.00	6.93	1.39	(8, 7, 6, 5, 4, 4)	(23, 23, 23, 23, 23, 23)	(23, 23)
9.99	19.76	1.39	(5, 4, 3, 2, 1, 1)	(23, 23, 23, 23, 23, 23)	(23, 23)
10.00	12.22	1.60	(6, 5, 4, 3, 2, 2)	(20, 20, 20, 20, 20, 20)	(20, 20)
10.09	8.84	1.60	(7, 6, 5, 4, 3, 3)	(20, 20, 20, 20, 20, 20)	(20, 20)
90.86	3.33	2.32	(13, 12, 11, 10, 9, 9)	(15, 13, 13, 13, 13, 13)	(10, 6)
91.08	3.54	1.39	(15, 10, 9, 9, 9, 9)	(23, 23, 23, 23, 23, 23)	(23, 23)
10.00	12.22	1.68	(6, 5, 4, 3, 2, 2)	(19, 19, 19, 19, 19, 19)	(19, 19)
89.88	2.19	1.00	(18, 17, 16, 15, 14, 14)	(32, 32, 32, 32, 32, 32)	(32, 32)
10.01	12.22	1.39	(6, 5, 4, 3, 2, 2)	(23, 23, 23, 23, 23, 23)	(23, 23)
10.00	12.22	1.00	(6, 5, 4, 3, 2, 2)	(32, 32, 32, 32, 32, 32)	(32, 32)
10.02	8.84	1.39	(7, 6, 5, 4, 3, 3)	(23, 23, 23, 23, 23, 23)	(23, 23)
10.00	19.76	1.00	(5, 4, 3, 2, 1, 1)	(32, 32, 32, 32, 32, 32)	(32, 32)
10.00	6.93	1.68	(8, 7, 6, 5, 4, 4)	(19, 19, 19, 19, 19, 19)	(19, 19)
57.94	4.83	1.60	(10, 9, 8, 7, 6, 6)	(20, 20, 20, 20, 20, 20)	(20, 20)
89.83	0.87	1.00	(33, 34, 35, 36, 37, 38)	(32, 32, 32, 32, 32, 32)	(32, 32)
91.23	5.11	1.68	(10, 8, 8, 8, 6, 5)	(19, 19, 19, 19, 19, 19)	(19, 19)
90.81	4.83	2.98	(10, 9, 8, 7, 6, 6)	(11, 11, 10, 10, 10, 10)	(10, 9)
90.55	4.83	3.16	(10, 9, 8, 7, 6, 6)	(11, 10, 9, 9, 9, 8)	(9, 6)
90.57	2.19	3.16	(18, 17, 16, 15, 14, 14)	(11, 10, 9, 9, 9, 9)	(8, 5)
91.01	4.83	1.68	(10, 9, 8, 7, 6, 6)	(19, 19, 19, 19, 19, 19)	(19, 19)
10.60	19.76	1.68	(5, 4, 3, 2, 1, 1)	(19, 19, 19, 19, 19, 19)	(19, 19)
91.25	3.33	2.56	(13, 12, 11, 10, 9, 9)	(15, 11, 11, 11, 10, 10)	(8, 5)
90.48	3.33	3.28	(13, 12, 11, 10, 9, 9)	(11, 9, 9, 9, 9, 9)	(8, 4)
91.09	2.19	2.29	(18, 17, 16, 15, 14, 14)	(14, 14, 14, 14, 14, 14)	(9, 6)
90.89	2.19	2.91	(18, 17, 16, 15, 14, 14)	(11, 11, 11, 11, 10, 10)	(8, 5)
43.51	8.84	2.00	(7, 6, 5, 4, 3, 3)	(16, 16, 16, 16, 16, 16)	(16, 16)
87.83	6.93	2.00	(8, 7, 6, 5, 4, 4)	(16, 16, 16, 16, 16, 16)	(16, 16)
90.41	7.06	2.00	(10, 6, 6, 6, 6, 3)	(16, 16, 16, 16, 16, 16)	(16, 16)
90.83	3.33	2.92	(13, 12, 11, 10, 9, 9)	(11, 11, 11, 10, 10, 10)	(8, 6)
10.00	12.22	1.68	(6, 5, 4, 3, 2, 2)	(19, 19, 19, 19, 19, 19)	(19, 19)
87.75	6.93	1.68	(8, 7, 6, 5, 4, 4)	(19, 19, 19, 19, 19, 19)	(19, 19)
10.00	12.22	2.00	(6, 5, 4, 3, 2, 2)	(16, 16, 16, 16, 16, 16)	(16, 16)
10.27	19.76	2.00	(5, 4, 3, 2, 1, 1)	(16, 16, 16, 16, 16, 16)	(16, 16)
43.54	8.84	1.68	(7, 6, 5, 4, 3, 3)	(19, 19, 19, 19, 19, 19)	(19, 19)
90.89	6.37	2.00	(10, 6, 6, 6, 6, 4)	(16, 16, 16, 16, 16, 16)	(16, 16)
90.89	5.93	1.78	(11, 7, 7, 7, 6, 4)	(18, 18, 18, 18, 18, 18)	(18, 18)
90.99	3.33	2.49	(13, 12, 11, 10, 9, 9)	(12, 13, 14, 14, 15, 11)	(9, 11)
90.54	2.19	3.18	(18, 17, 16, 15, 14, 14)	(10, 10, 10, 11, 11, 12)	(9, 5)
89.34	2.92	1.88	(9, 10, 9, 10, 11, 12)	(17, 17, 17, 17, 17, 17)	(17, 17)
90.33	3.69	2.00	(9, 9, 10, 11, 10, 7)	(16, 16, 16, 16, 16, 16)	(16, 16)
10.22	12.22	1.88	(6, 5, 4, 3, 2, 2)	(17, 17, 17, 17, 17, 17)	(17, 17)
23.78	6.93	2.00	(8, 7, 6, 5, 4, 4)	(16, 16, 16, 16, 16, 16)	(16, 16)
90.94	4.63	1.52	(12, 9, 9, 7, 7, 6)	(21, 21, 21, 21, 21, 21)	(21, 21)
91.10	2.19	2.74	(18, 17, 16, 15, 14, 14)	(11, 12, 12, 13, 14, 15)	(10, 11)
91.12	3.71	1.68	(12, 7, 8, 9, 8, 9)	(19, 19, 19, 19, 19, 19)	(19, 19)
90.71	3.26	1.88	(9, 9, 10, 10, 9, 10)	(17, 17, 17, 17, 17, 17)	(17, 17)
90.42	4.89	2.13	(10, 10, 11, 10, 5, 4)	(15, 15, 15, 15, 15, 15)	(15, 15)
91.00	2.97	1.88	(10, 10, 11, 12, 12, 10)	(17, 17, 17, 17, 17, 17)	(17, 17)
90.71	4.33	2.13	(10, 11, 11, 10, 11, 4)	(15, 15, 15, 15, 15, 15)	(15, 15)
90.80	4.83	1.78	(10, 9, 8, 7, 6, 6)	(18, 18, 18, 18, 18, 18)	(18, 18)
90.76	2.19	2.92	(18, 17, 16, 15, 14, 14)	(11, 11, 11, 10, 11, 9)	(9, 6)
10.14	19.76	2.13	(5, 4, 3, 2, 1, 1)	(15, 15, 15, 15, 15, 15)	(15, 15)
9.91	19.76	1.52	(5, 4, 3, 2, 1, 1)	(21, 21, 21, 21, 21, 21)	(21, 21)
91.15	4.85	1.88	(10, 11, 7, 8, 5, 6)	(17, 17, 17, 17, 17, 17)	(17, 17)
10.66	12.22	1.52	(6, 5, 4, 3, 2, 2)	(21, 21, 21, 21, 21, 21)	(21, 21)
7.60	8.84	2.00	(7, 6, 5, 4, 3, 3)	(16, 16, 16, 16, 16, 16)	(16, 16)
91.06	3.63	1.78	(10, 8, 9, 9, 8, 9)	(18, 18, 18, 18, 18, 18)	(18, 18)
91.09	4.84	1.52	(11, 9, 8, 9, 7, 5)	(21, 21, 21, 21, 21, 21)	(21, 21)
90.27	3.10	2.00	(9, 10, 9, 10, 10, 11)	(16, 16, 16, 16, 16, 16)	(16, 16)
91.11	3.33	2.98	(13, 12, 11, 10, 9, 9)	(12, 10, 10, 10, 9, 9)	(9, 9)
91.00	5.34	1.52	(12, 9, 8, 9, 6, 4)	(21, 21, 21, 21, 21, 21)	(21, 21)
90.28	4.32	1.88	(10, 9, 7, 6, 7, 8)	(17, 17, 17, 17, 17, 17)	(17, 17)
90.31	3.33	3.14	(13, 12, 11, 10, 9, 9)	(11, 10, 9, 10, 9, 6)	(9, 5)
12.46	12.22	1.88	(6, 5, 4, 3, 2, 2)	(17, 17, 17, 17, 17, 17)	(17, 17)
10.40	12.22	1.68	(6, 5, 4, 3, 2, 2)	(19, 19, 19, 19, 19, 19)	(19, 19)
44.86	8.84	1.52	(7, 6, 5, 4, 3, 3)	(21, 21, 21, 21, 21, 21)	(21, 21)
91.19	4.08	1.52	(12, 8, 9, 7, 7, 8)	(21, 21, 21, 21, 21, 21)	(21, 21)
90.87	4.83	1.52	(10, 9, 8, 7, 6, 6)	(21, 21, 21, 21, 21, 21)	(21, 21)
91.12	3.53	1.68	(12, 7, 8, 8, 9, 10)	(19, 19, 19, 19, 19, 19)	(19, 19)
83.11	6.93	1.78	(8, 7, 6, 5, 4, 4)	(18, 18, 18, 18, 18, 18)	(18, 18)
90.39	4.83	2.97	(10, 9, 8, 7, 6, 6)	(11, 11, 10, 11, 9, 9)	(9, 6)
9.16	8.84	1.88	(7, 6, 5, 4, 3, 3)	(17, 17, 17, 17, 17, 17)	(17, 17)
9.04	12.22	2.13	(6, 5, 4, 3, 2, 2)	(15, 15, 15, 15, 15, 15)	(15, 15)
9.16	12.22	1.88	(6, 5, 4, 3, 2, 2)	(17, 17, 17, 17, 17, 17)	(17, 17)
10.66	6.93	1.68	(8, 7, 6, 5, 4, 4)	(19, 19, 19, 19, 19, 19)	(19, 19)
10.85	19.76	1.88	(5, 4, 3, 2, 1, 1)	(17, 17, 17, 17, 17, 17)	(17, 17)
