ShallowCapsNet, mnist
99.26	6.69	4.00	(6, 5, 4)	(8, 8, 8)	(8, 8)
99.34	5.53	5.33	(7, 6, 5)	(6, 6, 6)	(5, 4)
99.26	3.27	5.33	(11, 10, 9)	(6, 6, 6)	(4, 4)
90.97	8.45	4.00	(5, 4, 3)	(8, 8, 8)	(8, 8)
98.69	4.11	5.33	(9, 8, 7)	(6, 6, 6)	(4, 3)
99.50	3.27	4.57	(11, 10, 9)	(7, 7, 7)	(4, 4)
98.79	2.03	5.33	(17, 16, 15)	(6, 6, 6)	(3, 3)
99.54	4.11	4.57	(9, 8, 7)	(7, 7, 7)	(5, 4)
98.75	3.27	5.33	(11, 10, 9)	(6, 6, 6)	(3, 3)
99.31	6.69	4.57	(6, 5, 4)	(7, 7, 7)	(6, 4)
99.42	2.03	5.33	(17, 16, 15)	(6, 6, 6)	(5, 4)
99.53	2.03	4.57	(17, 16, 15)	(7, 7, 7)	(5, 4)
29.16	11.48	4.00	(4, 3, 2)	(8, 8, 8)	(8, 8)
98.71	5.53	5.33	(7, 6, 5)	(6, 6, 6)	(3, 3)
98.76	6.69	5.33	(6, 5, 4)	(6, 6, 6)	(4, 3)
99.54	5.53	4.00	(6, 6, 5)	(8, 8, 8)	(8, 8)
99.54	5.53	4.57	(7, 6, 5)	(7, 7, 7)	(5, 4)
99.08	6.69	4.00	(5, 5, 4)	(8, 8, 8)	(8, 8)
99.26	4.11	5.33	(9, 8, 7)	(6, 6, 6)	(4, 4)
78.02	8.45	3.56	(5, 4, 3)	(9, 9, 9)	(9, 9)
97.34	6.69	3.20	(6, 5, 4)	(10, 10, 10)	(10, 10)
99.50	5.53	3.56	(7, 6, 5)	(9, 9, 9)	(6, 6)
99.57	6.13	2.46	(7, 5, 6)	(13, 13, 13)	(13, 13)
99.50	5.53	3.20	(6, 6, 5)	(10, 10, 10)	(10, 10)
97.37	6.69	3.56	(6, 5, 4)	(9, 9, 9)	(9, 9)
99.59	2.03	4.00	(17, 16, 15)	(8, 8, 8)	(6, 5)
98.29	7.58	3.56	(6, 4, 5)	(9, 9, 9)	(9, 9)
98.77	3.27	4.57	(11, 10, 9)	(7, 7, 7)	(5, 4)
79.15	8.45	3.56	(5, 4, 3)	(9, 9, 9)	(9, 9)
99.31	2.03	4.57	(17, 16, 15)	(7, 7, 7)	(5, 5)
99.49	4.11	4.00	(9, 8, 7)	(8, 8, 7)	(7, 6)
37.15	11.48	3.56	(4, 3, 2)	(9, 9, 9)	(9, 9)
99.43	6.13	3.56	(6, 5, 6)	(9, 9, 9)	(9, 9)
99.40	5.53	4.52	(7, 6, 5)	(7, 8, 7)	(6, 5)
98.90	5.53	4.57	(7, 6, 5)	(7, 7, 7)	(5, 5)
72.61	8.45	4.00	(5, 4, 3)	(8, 8, 8)	(8, 8)
98.23	6.69	3.56	(6, 5, 4)	(9, 9, 9)	(9, 9)
98.10	6.69	3.56	(6, 5, 4)	(9, 9, 9)	(9, 9)
31.15	11.48	3.20	(4, 3, 2)	(10, 10, 10)	(10, 10)
99.53	5.53	2.46	(7, 6, 5)	(13, 13, 13)	(13, 13)
85.42	8.45	3.56	(5, 4, 3)	(9, 9, 9)	(9, 9)
99.50	6.13	2.91	(7, 5, 6)	(11, 11, 11)	(11, 11)
88.07	8.45	2.46	(5, 4, 3)	(13, 13, 13)	(13, 13)
99.29	4.11	4.57	(9, 8, 7)	(7, 7, 7)	(5, 5)
53.45	8.45	3.20	(5, 4, 3)	(10, 10, 10)	(10, 10)
98.90	2.03	4.57	(17, 16, 15)	(7, 7, 7)	(5, 4)
99.54	3.27	4.00	(11, 10, 9)	(8, 8, 8)	(6, 5)
98.57	6.69	2.91	(6, 5, 4)	(11, 11, 11)	(11, 11)
16.14	11.48	2.46	(4, 3, 2)	(13, 13, 13)	(13, 13)
99.37	3.27	4.57	(11, 10, 9)	(7, 7, 7)	(5, 5)
99.40	6.40	3.56	(6, 5, 5)	(9, 9, 9)	(9, 9)
99.14	6.40	3.56	(6, 5, 5)	(9, 9, 9)	(9, 9)
98.82	4.11	4.57	(9, 8, 7)	(7, 7, 7)	(5, 4)
99.45	5.33	4.00	(7, 6, 6)	(8, 8, 8)	(8, 8)
96.62	6.69	3.56	(6, 5, 4)	(9, 9, 9)	(9, 9)
99.46	2.03	2.46	(17, 16, 15)	(13, 13, 13)	(6, 6)
99.37	3.27	2.67	(11, 10, 9)	(12, 12, 12)	(6, 6)
99.51	2.03	2.46	(17, 16, 15)	(13, 13, 13)	(7, 7)
98.93	2.03	2.67	(17, 16, 15)	(12, 12, 12)	(6, 6)
8.92	6.69	2.29	(6, 5, 4)	(14, 14, 14)	(14, 14)
9.80	11.48	2.29	(4, 3, 2)	(14, 14, 14)	(14, 14)
99.57	3.56	2.29	(9, 9, 9)	(14, 14, 14)	(14, 14)
9.75	5.53	2.29	(7, 6, 5)	(14, 14, 14)	(14, 14)
96.36	4.11	2.29	(9, 8, 7)	(14, 14, 14)	(14, 14)
9.80	8.45	2.29	(5, 4, 3)	(14, 14, 14)	(14, 14)
99.48	3.27	2.46	(11, 10, 9)	(13, 13, 13)	(6, 5)
99.32	4.00	2.29	(9, 8, 8)	(14, 14, 14)	(14, 14)
99.03	3.27	2.67	(11, 10, 9)	(12, 12, 12)	(5, 5)
ShallowCapsNet, fashion-mnist
92.44	2.03	3.56	(17, 16, 15)	(9, 9, 9)	(6, 6)
92.50	4.11	3.56	(9, 8, 7)	(9, 9, 9)	(7, 6)
84.21	6.69	2.91	(6, 5, 4)	(11, 11, 11)	(11, 11)
92.65	2.03	2.95	(17, 16, 15)	(11, 9, 9)	(7, 7)
21.45	11.48	2.91	(4, 3, 2)	(11, 11, 11)	(11, 11)
92.01	2.03	3.56	(17, 16, 15)	(9, 9, 8)	(7, 5)
92.59	4.11	1.88	(9, 8, 7)	(17, 17, 17)	(17, 17)
92.20	3.27	4.00	(11, 10, 9)	(8, 8, 8)	(6, 6)
92.46	5.33	2.91	(9, 6, 6)	(11, 11, 11)	(11, 11)
44.77	8.45	2.91	(5, 4, 3)	(11, 11, 11)	(11, 11)
91.98	4.11	4.00	(9, 8, 7)	(8, 8, 8)	(6, 6)
84.27	6.69	1.88	(6, 5, 4)	(17, 17, 17)	(17, 17)
21.73	11.48	1.88	(4, 3, 2)	(17, 17, 17)	(17, 17)
90.83	5.53	2.91	(7, 6, 5)	(11, 11, 11)	(11, 11)
92.36	5.33	2.91	(8, 6, 6)	(11, 11, 11)	(11, 11)
92.65	3.27	3.56	(11, 10, 9)	(9, 9, 9)	(8, 7)
92.64	5.32	1.88	(10, 6, 6)	(17, 17, 17)	(17, 17)
92.46	3.27	3.56	(11, 10, 9)	(9, 9, 9)	(6, 6)
90.81	5.53	1.88	(7, 6, 5)	(17, 17, 17)	(17, 17)
44.79	8.45	1.88	(5, 4, 3)	(17, 17, 17)	(17, 17)
92.36	4.11	2.68	(9, 8, 7)	(12, 11, 12)	(10, 7)
89.63	5.53	2.67	(7, 6, 5)	(12, 12, 12)	(12, 12)
92.53	2.03	3.52	(17, 16, 15)	(9, 10, 9)	(8, 8)
91.76	5.52	2.67	(9, 6, 5)	(12, 12, 12)	(12, 12)
24.05	8.45	2.00	(5, 4, 3)	(16, 16, 16)	(16, 16)
92.72	4.11	2.67	(11, 8, 7)	(12, 12, 12)	(12, 12)
92.36	4.71	2.46	(10, 7, 6)	(13, 13, 13)	(13, 13)
92.36	3.13	2.67	(9, 10, 11)	(12, 12, 12)	(12, 12)
92.15	3.64	2.67	(8, 9, 8)	(12, 12, 12)	(12, 12)
92.09	3.27	3.56	(11, 10, 9)	(9, 9, 9)	(6, 6)
92.56	2.03	3.20	(17, 16, 15)	(10, 10, 9)	(11, 11)
92.81	4.43	2.67	(10, 7, 8)	(12, 12, 12)	(12, 12)
10.12	11.48	2.29	(4, 3, 2)	(14, 14, 14)	(14, 14)
91.92	4.72	2.67	(8, 7, 6)	(12, 12, 12)	(12, 12)
74.81	6.69	2.29	(6, 5, 4)	(14, 14, 14)	(14, 14)
90.12	4.43	2.67	(8, 7, 8)	(12, 12, 12)	(12, 12)
92.59	2.85	2.13	(10, 11, 12)	(15, 15, 15)	(15, 15)
29.90	8.45	2.46	(5, 4, 3)	(13, 13, 13)	(13, 13)
92.51	3.27	3.20	(11, 10, 9)	(10, 10, 10)	(7, 7)
92.60	3.13	2.29	(9, 10, 11)	(14, 14, 14)	(14, 14)
31.16	8.45	2.67	(5, 4, 3)	(12, 12, 12)	(12, 12)
9.65	11.48	2.67	(4, 3, 2)	(12, 12, 12)	(12, 12)
51.35	6.69	2.67	(6, 5, 4)	(12, 12, 12)	(12, 12)
88.96	5.53	2.67	(7, 6, 5)	(12, 12, 12)	(12, 12)
91.61	4.11	3.56	(9, 8, 7)	(9, 9, 9)	(6, 6)
75.41	6.69	2.67	(6, 5, 4)	(12, 12, 12)	(12, 12)
92.57	3.27	3.20	(11, 10, 9)	(10, 10, 9)	(11, 11)
92.43	2.03	3.56	(17, 16, 15)	(9, 9, 9)	(6, 6)
32.38	8.45	2.67	(5, 4, 3)	(12, 12, 12)	(12, 12)
92.81	4.43	2.29	(10, 7, 8)	(14, 14, 14)	(14, 14)
92.59	4.43	2.67	(9, 7, 8)	(12, 12, 12)	(12, 12)
92.16	4.11	2.67	(9, 8, 7)	(12, 12, 12)	(12, 12)
92.66	4.57	2.00	(10, 7, 7)	(16, 16, 16)	(16, 16)
91.80	3.89	2.67	(8, 8, 9)	(12, 12, 12)	(12, 12)
91.76	3.89	2.67	(8, 8, 9)	(12, 12, 12)	(12, 12)
23.93	8.45	2.13	(5, 4, 3)	(15, 15, 15)	(15, 15)
11.50	11.48	2.67	(4, 3, 2)	(12, 12, 12)	(12, 12)
90.46	5.53	2.67	(7, 6, 5)	(12, 12, 12)	(12, 12)
18.87	8.45	2.91	(5, 4, 3)	(11, 11, 11)	(11, 11)
92.31	3.20	2.91	(9, 10, 10)	(11, 11, 11)	(11, 11)
92.62	2.03	2.00	(17, 16, 15)	(16, 16, 16)	(10, 9)
10.00	11.48	1.60	(4, 3, 2)	(20, 20, 20)	(20, 20)
0.27	8.45	1.60	(5, 4, 3)	(20, 20, 20)	(20, 20)
0.64	8.45	1.88	(5, 4, 3)	(17, 17, 17)	(17, 17)
90.16	3.27	1.88	(11, 10, 9)	(17, 17, 17)	(17, 17)
92.01	3.27	1.88	(12, 10, 9)	(17, 17, 17)	(17, 17)
92.43	3.27	1.88	(13, 10, 9)	(17, 17, 17)	(17, 17)
10.00	11.48	1.88	(4, 3, 2)	(17, 17, 17)	(17, 17)
92.50	2.03	2.00	(17, 16, 15)	(16, 16, 16)	(8, 8)
69.99	4.11	1.88	(9, 8, 7)	(17, 17, 17)	(17, 17)
19.92	5.53	1.88	(7, 6, 5)	(17, 17, 17)	(17, 17)
91.89	2.03	2.13	(17, 16, 15)	(15, 15, 15)	(8, 7)
5.01	6.69	1.88	(6, 5, 4)	(17, 17, 17)	(17, 17)
4.97	6.69	1.60	(6, 5, 4)	(20, 20, 20)	(20, 20)
90.06	3.27	1.60	(11, 10, 9)	(20, 20, 20)	(20, 20)
19.91	5.53	1.60	(7, 6, 5)	(20, 20, 20)	(20, 20)
69.72	4.11	1.60	(9, 8, 7)	(20, 20, 20)	(20, 20)
92.62	2.72	1.60	(13, 12, 11)	(20, 20, 20)	(20, 20)
DeepCaps, mnist
99.32	3.21	5.49	(13, 12, 11, 10, 9, 9)	(7, 6, 4, 4, 3, 3)	(6, 4)
7.39	16.17	3.20	(5, 4, 3, 2, 1, 1)	(10, 10, 10, 10, 10, 10)	(10, 10)
99.54	4.01	5.30	(11, 10, 9, 8, 7, 7)	(7, 6, 5, 4, 4, 4)	(4, 3)
99.04	10.42	3.20	(5, 4, 3, 3, 3, 3)	(10, 10, 10, 10, 10, 10)	(10, 10)
99.53	6.43	5.30	(8, 7, 6, 5, 4, 4)	(7, 6, 5, 4, 4, 4)	(4, 3)
99.53	8.04	5.30	(7, 6, 5, 4, 3, 3)	(7, 6, 5, 4, 4, 4)	(6, 5)
99.47	10.74	4.93	(6, 5, 4, 3, 2, 2)	(9, 5, 5, 5, 5, 5)	(4, 4)
99.26	6.43	5.49	(8, 7, 6, 5, 4, 4)	(7, 6, 4, 4, 3, 3)	(6, 4)
99.34	5.35	5.49	(9, 8, 7, 6, 5, 5)	(7, 6, 4, 4, 3, 3)	(6, 4)
99.67	3.21	4.93	(13, 12, 11, 10, 9, 9)	(9, 5, 5, 5, 5, 5)	(3, 3)
99.70	8.04	4.95	(7, 6, 5, 4, 3, 3)	(9, 5, 5, 5, 4, 4)	(5, 5)
99.52	3.21	5.30	(13, 12, 11, 10, 9, 9)	(7, 6, 5, 4, 4, 4)	(4, 3)
99.41	4.01	5.49	(11, 10, 9, 8, 7, 7)	(7, 6, 4, 4, 3, 3)	(6, 4)
99.56	5.35	5.30	(9, 8, 7, 6, 5, 5)	(7, 6, 5, 4, 4, 4)	(4, 3)
7.76	16.17	2.91	(5, 4, 3, 2, 1, 1)	(11, 11, 11, 11, 11, 11)	(11, 11)
99.35	2.00	5.49	(19, 18, 17, 16, 15, 15)	(7, 6, 4, 4, 3, 3)	(6, 4)
7.54	16.17	2.67	(5, 4, 3, 2, 1, 1)	(12, 12, 12, 12, 12, 12)	(12, 12)
99.38	10.74	5.25	(6, 5, 4, 3, 2, 2)	(7, 6, 5, 5, 4, 4)	(6, 5)
99.51	8.04	5.30	(7, 6, 5, 4, 3, 3)	(7, 6, 5, 4, 4, 4)	(4, 3)
99.69	6.43	4.95	(8, 7, 6, 5, 4, 4)	(9, 5, 5, 5, 4, 4)	(3, 3)
99.64	5.35	4.95	(9, 8, 7, 6, 5, 5)	(9, 5, 5, 5, 4, 4)	(3, 3)
99.67	2.00	4.95	(19, 18, 17, 16, 15, 15)	(9, 5, 5, 5, 4, 4)	(5, 5)
99.36	10.42	2.91	(5, 4, 3, 3, 3, 3)	(11, 11, 11, 11, 11, 11)	(11, 11)
99.65	4.01	4.93	(11, 10, 9, 8, 7, 7)	(9, 5, 5, 5, 5, 5)	(3, 3)
99.56	12.33	2.67	(6, 3, 3, 3, 2, 2)	(12, 12, 12, 12, 12, 12)	(12, 12)
99.57	10.74	3.34	(6, 5, 4, 3, 2, 2)	(10, 10, 9, 7, 7, 7)	(7, 6)
99.57	2.00	5.30	(19, 18, 17, 16, 15, 15)	(7, 6, 5, 4, 4, 4)	(4, 3)
99.39	3.21	6.40	(13, 12, 11, 10, 9, 9)	(5, 5, 5, 5, 5, 5)	(4, 4)
99.27	6.43	5.96	(8, 7, 6, 5, 4, 4)	(6, 5, 5, 5, 5, 5)	(4, 4)
12.00	16.17	2.67	(5, 4, 3, 2, 1, 1)	(12, 12, 12, 12, 12, 12)	(12, 12)
7.52	16.17	3.56	(5, 4, 3, 2, 1, 1)	(9, 9, 9, 9, 9, 9)	(9, 9)
99.10	8.04	5.35	(7, 6, 5, 4, 3, 3)	(6, 6, 6, 6, 5, 5)	(4, 4)
99.07	5.35	5.52	(9, 8, 7, 6, 5, 5)	(6, 6, 5, 6, 5, 5)	(5, 3)
99.04	6.12	4.00	(5, 6, 4, 5, 6, 6)	(8, 8, 8, 8, 8, 8)	(8, 8)
99.64	7.93	2.67	(6, 4, 5, 4, 3, 4)	(12, 12, 12, 12, 12, 12)	(12, 12)
99.44	9.41	2.46	(6, 4, 4, 4, 3, 2)	(13, 13, 13, 13, 13, 13)	(13, 13)
18.14	16.17	3.56	(5, 4, 3, 2, 1, 1)	(9, 9, 9, 9, 9, 9)	(9, 9)
99.58	10.42	3.20	(6, 4, 3, 3, 3, 3)	(10, 10, 10, 10, 10, 10)	(10, 10)
99.25	5.35	6.40	(9, 8, 7, 6, 5, 5)	(5, 5, 5, 5, 5, 5)	(4, 4)
99.40	8.04	5.33	(7, 6, 5, 4, 3, 3)	(6, 6, 6, 6, 6, 6)	(4, 4)
99.65	2.00	5.25	(19, 18, 17, 16, 15, 15)	(6, 6, 6, 7, 8, 7)	(7, 8)
99.65	5.35	4.39	(9, 8, 7, 6, 5, 5)	(7, 7, 8, 9, 6, 5)	(3, 4)
99.50	6.43	5.35	(8, 7, 6, 5, 4, 4)	(6, 6, 6, 6, 5, 5)	(4, 4)
98.94	10.74	3.77	(6, 5, 4, 3, 2, 2)	(9, 9, 7, 7, 7, 8)	(6, 5)
99.30	2.00	6.40	(19, 18, 17, 16, 15, 15)	(5, 5, 5, 5, 5, 5)	(4, 4)
99.12	5.06	3.56	(5, 6, 7, 7, 6, 5)	(9, 9, 9, 9, 9, 9)	(9, 9)
99.54	4.01	4.76	(11, 10, 9, 8, 7, 7)	(7, 7, 6, 6, 5, 6)	(5, 3)
5.38	16.17	4.00	(5, 4, 3, 2, 1, 1)	(8, 8, 8, 8, 8, 8)	(8, 8)
17.62	16.17	3.20	(5, 4, 3, 2, 1, 1)	(10, 10, 10, 10, 10, 10)	(10, 10)
99.62	8.04	4.45	(7, 6, 5, 4, 3, 3)	(7, 7, 8, 7, 7, 8)	(7, 9)
98.24	9.21	3.20	(5, 4, 3, 3, 4, 4)	(10, 10, 10, 10, 10, 10)	(10, 10)
99.57	2.00	5.56	(19, 18, 17, 16, 15, 15)	(6, 6, 5, 5, 6, 5)	(5, 4)
12.04	16.17	2.46	(5, 4, 3, 2, 1, 1)	(13, 13, 13, 13, 13, 13)	(13, 13)
99.54	8.86	2.46	(6, 4, 4, 4, 4, 2)	(13, 13, 13, 13, 13, 13)	(13, 13)
99.22	4.01	6.40	(11, 10, 9, 8, 7, 7)	(5, 5, 5, 5, 5, 5)	(4, 4)
99.59	3.21	5.01	(13, 12, 11, 10, 9, 9)	(7, 6, 6, 6, 7, 8)	(4, 3)
98.57	10.74	3.56	(6, 5, 4, 3, 2, 2)	(9, 9, 9, 9, 9, 9)	(9, 9)
10.50	16.17	2.67	(5, 4, 3, 2, 1, 1)	(12, 12, 12, 12, 12, 12)	(12, 12)
99.30	4.01	5.89	(11, 10, 9, 8, 7, 7)	(6, 5, 5, 6, 5, 5)	(4, 3)
98.31	10.74	2.46	(6, 5, 4, 3, 2, 2)	(13, 13, 13, 13, 13, 13)	(13, 13)
99.41	3.21	5.94	(13, 12, 11, 10, 9, 9)	(6, 5, 5, 5, 6, 5)	(4, 4)
99.33	8.14	3.56	(5, 3, 4, 4, 4, 4)	(9, 9, 9, 9, 9, 9)	(9, 9)
99.60	6.43	4.95	(8, 7, 6, 5, 4, 4)	(7, 6, 6, 7, 8, 7)	(3, 3)
99.40	8.04	5.28	(7, 6, 5, 4, 3, 3)	(6, 6, 6, 7, 6, 5)	(4, 5)
98.77	8.04	5.35	(7, 6, 5, 4, 3, 3)	(6, 6, 6, 6, 5, 5)	(4, 4)
99.29	10.66	3.56	(6, 3, 3, 3, 3, 3)	(9, 9, 9, 9, 9, 9)	(9, 9)
14.20	16.17	3.56	(5, 4, 3, 2, 1, 1)	(9, 9, 9, 9, 9, 9)	(9, 9)
99.64	7.05	2.67	(6, 7, 7, 4, 3, 3)	(12, 12, 12, 12, 12, 12)	(12, 12)
78.09	8.85	3.56	(5, 6, 3, 3, 4, 4)	(9, 9, 9, 9, 9, 9)	(9, 9)
12.53	16.17	3.20	(5, 4, 3, 2, 1, 1)	(10, 10, 10, 10, 10, 10)	(10, 10)
99.65	8.04	4.11	(7, 6, 5, 4, 3, 3)	(8, 8, 7, 8, 6, 7)	(5, 4)
71.06	5.35	2.46	(9, 8, 7, 6, 5, 5)	(13, 13, 13, 13, 13, 13)	(13, 13)
99.33	3.21	2.91	(13, 12, 11, 10, 9, 9)	(11, 11, 11, 11, 11, 11)	(5, 5)
99.30	4.01	2.46	(11, 10, 9, 8, 7, 7)	(13, 13, 13, 13, 12, 12)	(8, 8)
99.32	2.00	2.91	(19, 18, 17, 16, 15, 15)	(11, 11, 11, 11, 11, 11)	(5, 5)
99.63	3.21	2.91	(13, 12, 11, 10, 9, 9)	(11, 11, 11, 11, 11, 11)	(6, 6)
99.65	2.00	2.91	(19, 18, 17, 16, 15, 15)	(11, 11, 11, 11, 11, 11)	(6, 6)
11.54	8.04	2.91	(7, 6, 5, 4, 3, 3)	(11, 11, 11, 11, 11, 11)	(11, 11)
98.25	4.01	2.91	(11, 10, 9, 8, 7, 7)	(11, 11, 11, 11, 11, 11)	(11, 11)
99.71	4.31	2.46	(8, 8, 8, 8, 8, 5)	(13, 13, 13, 13, 13, 13)	(13, 13)
98.94	4.43	2.91	(8, 8, 8, 8, 8, 4)	(11, 11, 11, 11, 11, 11)	(11, 11)
99.35	4.01	2.46	(11, 10, 9, 8, 7, 7)	(13, 13, 13, 13, 13, 13)	(13, 13)
67.45	5.35	2.91	(9, 8, 7, 6, 5, 5)	(11, 11, 11, 11, 11, 11)	(11, 11)
9.85	10.74	2.46	(6, 5, 4, 3, 2, 2)	(13, 13, 13, 13, 13, 13)	(13, 13)
98.78	2.00	3.20	(19, 18, 17, 16, 15, 15)	(10, 10, 10, 10, 10, 10)	(6, 6)
41.20	6.43	2.91	(8, 7, 6, 5, 4, 4)	(11, 11, 11, 11, 11, 11)	(11, 11)
99.42	4.21	2.46	(8, 8, 8, 8, 7, 7)	(13, 13, 13, 13, 13, 13)	(13, 13)
9.80	16.17	2.91	(5, 4, 3, 2, 1, 1)	(11, 11, 11, 11, 11, 11)	(11, 11)
98.87	3.21	3.20	(13, 12, 11, 10, 9, 9)	(10, 10, 10, 10, 10, 10)	(6, 6)
10.66	8.04	2.46	(7, 6, 5, 4, 3, 3)	(13, 13, 13, 13, 13, 13)	(13, 13)
9.85	10.74	2.91	(6, 5, 4, 3, 2, 2)	(11, 11, 11, 11, 11, 11)	(11, 11)
41.54	6.43	2.46	(8, 7, 6, 5, 4, 4)	(13, 13, 13, 13, 13, 13)	(13, 13)
9.80	16.17	2.46	(5, 4, 3, 2, 1, 1)	(13, 13, 13, 13, 13, 13)	(13, 13)
DeepCaps, fashion-mnist
94.61	2.00	4.34	(19, 18, 17, 16, 15, 15)	(8, 7, 7, 7, 7, 7)	(4, 3)
95.04	8.00	2.00	(8, 4, 4, 4, 4, 4)	(16, 16, 16, 16, 16, 16)	(16, 16)
94.95	5.35	3.83	(9, 8, 7, 6, 5, 5)	(9, 8, 8, 8, 7, 7)	(4, 4)
94.28	3.21	4.39	(13, 12, 11, 10, 9, 9)	(8, 7, 7, 6, 6, 6)	(3, 3)
92.38	10.74	2.00	(6, 5, 4, 3, 2, 2)	(16, 16, 16, 16, 16, 16)	(16, 16)
94.78	5.35	4.28	(9, 8, 7, 6, 5, 5)	(9, 7, 6, 6, 6, 6)	(5, 4)
95.14	4.01	4.13	(11, 10, 9, 8, 7, 7)	(9, 7, 7, 7, 7, 7)	(5, 5)
94.23	8.04	2.46	(7, 6, 5, 4, 3, 3)	(13, 13, 13, 13, 13, 13)	(13, 13)
94.30	4.01	4.50	(11, 10, 9, 8, 7, 7)	(8, 7, 6, 6, 6, 6)	(4, 3)
94.71	6.43	4.34	(8, 7, 6, 5, 4, 4)	(8, 7, 7, 7, 7, 7)	(4, 3)
94.89	6.43	4.34	(8, 7, 6, 5, 4, 4)	(8, 7, 7, 7, 7, 7)	(7, 6)
94.61	6.43	4.50	(8, 7, 6, 5, 4, 4)	(8, 7, 6, 6, 6, 6)	(4, 3)
94.98	2.00	3.94	(19, 18, 17, 16, 15, 15)	(10, 7, 7, 7, 7, 7)	(5, 5)
94.82	3.21	4.13	(13, 12, 11, 10, 9, 9)	(9, 7, 7, 7, 7, 7)	(4, 4)
92.39	10.74	2.46	(6, 5, 4, 3, 2, 2)	(13, 13, 13, 13, 13, 13)	(13, 13)
95.09	3.21	3.94	(13, 12, 11, 10, 9, 9)	(10, 7, 7, 7, 7, 7)	(5, 5)
94.49	5.35	4.50	(9, 8, 7, 6, 5, 5)	(8, 7, 6, 6, 6, 6)	(4, 3)
94.78	4.01	4.00	(11, 10, 9, 8, 7, 7)	(8, 8, 8, 8, 8, 8)	(4, 4)
94.24	8.04	3.81	(7, 6, 5, 4, 3, 3)	(9, 9, 7, 6, 6, 6)	(9, 4)
94.14	10.66	2.91	(7, 3, 3, 3, 3, 3)	(11, 11, 11, 11, 11, 11)	(11, 11)
94.68	8.90	2.46	(8, 4, 4, 4, 3, 3)	(13, 13, 13, 13, 13, 13)	(13, 13)
94.19	2.00	4.50	(19, 18, 17, 16, 15, 15)	(8, 7, 6, 6, 6, 6)	(4, 3)
92.40	10.74	2.91	(6, 5, 4, 3, 2, 2)	(11, 11, 11, 11, 11, 11)	(11, 11)
94.26	8.04	2.00	(7, 6, 5, 4, 3, 3)	(16, 16, 16, 16, 16, 16)	(16, 16)
92.84	8.04	3.20	(7, 6, 5, 4, 3, 3)	(10, 10, 10, 10, 10, 10)	(10, 10)
92.40	8.04	3.20	(7, 6, 5, 4, 3, 3)	(10, 10, 10, 10, 10, 10)	(10, 10)
94.18	8.04	2.67	(7, 6, 5, 4, 3, 3)	(12, 12, 12, 12, 12, 12)	(12, 12)
94.00	5.35	4.34	(9, 8, 7, 6, 5, 5)	(8, 7, 7, 7, 7, 7)	(5, 4)
94.33	4.01	4.35	(11, 10, 9, 8, 7, 7)	(8, 7, 7, 7, 6, 7)	(5, 4)
94.80	5.35	3.20	(9, 8, 7, 6, 5, 5)	(10, 10, 10, 10, 10, 10)	(10, 10)
94.71	2.00	3.95	(19, 18, 17, 16, 15, 15)	(9, 8, 7, 7, 7, 7)	(6, 5)
94.90	3.21	3.44	(13, 12, 11, 10, 9, 9)	(10, 9, 9, 8, 9, 8)	(6, 7)
94.35	6.43	4.31	(8, 7, 6, 5, 4, 4)	(8, 7, 7, 8, 7, 7)	(5, 4)
93.53	8.04	3.56	(7, 6, 5, 4, 3, 3)	(9, 9, 9, 9, 9, 9)	(9, 9)
94.61	5.35	3.77	(9, 8, 7, 6, 5, 5)	(9, 9, 7, 7, 8, 7)	(7, 4)
94.92	4.01	3.68	(11, 10, 9, 8, 7, 7)	(9, 8, 9, 10, 9, 9)	(5, 6)
54.76	10.74	1.88	(6, 5, 4, 3, 2, 2)	(17, 17, 17, 17, 17, 17)	(17, 17)
94.03	2.00	4.14	(19, 18, 17, 16, 15, 15)	(8, 8, 7, 7, 6, 6)	(5, 4)
94.72	3.75	2.00	(8, 9, 9, 8, 9, 8)	(16, 16, 16, 16, 16, 16)	(16, 16)
94.34	3.21	4.34	(13, 12, 11, 10, 9, 9)	(8, 7, 7, 7, 7, 7)	(5, 4)
94.96	2.85	2.29	(8, 9, 10, 11, 12, 13)	(14, 14, 14, 14, 14, 14)	(14, 14)
94.97	2.00	3.80	(19, 18, 17, 16, 15, 15)	(9, 8, 8, 9, 7, 8)	(6, 6)
94.85	4.70	1.88	(8, 9, 6, 6, 7, 8)	(17, 17, 17, 17, 17, 17)	(17, 17)
94.86	7.47	2.67	(8, 5, 4, 4, 5, 4)	(12, 12, 12, 12, 12, 12)	(12, 12)
68.19	10.74	2.46	(6, 5, 4, 3, 2, 2)	(13, 13, 13, 13, 13, 13)	(13, 13)
93.92	8.04	2.67	(7, 6, 5, 4, 3, 3)	(12, 12, 12, 12, 12, 12)	(12, 12)
94.66	6.38	2.91	(7, 8, 7, 4, 4, 4)	(11, 11, 11, 11, 11, 11)	(11, 11)
94.69	6.68	3.20	(8, 8, 6, 4, 5, 3)	(10, 10, 10, 10, 10, 10)	(10, 10)
94.72	6.43	3.48	(8, 7, 6, 5, 4, 4)	(9, 10, 8, 9, 9, 9)	(7, 5)
67.93	10.74	2.91	(6, 5, 4, 3, 2, 2)	(11, 11, 11, 11, 11, 11)	(11, 11)
94.83	6.29	3.20	(9, 6, 7, 4, 5, 4)	(10, 10, 10, 10, 10, 10)	(10, 10)
94.70	3.21	4.14	(13, 12, 11, 10, 9, 9)	(8, 7, 8, 9, 10, 11)	(4, 5)
94.57	6.86	3.56	(7, 7, 5, 4, 5, 4)	(9, 9, 9, 9, 9, 9)	(9, 9)
94.76	4.01	4.13	(11, 10, 9, 8, 7, 7)	(8, 8, 7, 7, 7, 7)	(7, 5)
94.81	6.43	2.29	(8, 7, 6, 5, 4, 4)	(14, 14, 14, 14, 14, 14)	(14, 14)
94.65	6.57	2.46	(8, 5, 5, 6, 4, 4)	(13, 13, 13, 13, 13, 13)	(13, 13)
93.08	6.38	3.20	(7, 8, 7, 4, 4, 4)	(10, 10, 10, 10, 10, 10)	(10, 10)
95.04	4.74	2.67	(8, 7, 6, 7, 7, 7)	(12, 12, 12, 12, 12, 12)	(12, 12)
94.06	8.04	2.00	(7, 6, 5, 4, 3, 3)	(16, 16, 16, 16, 16, 16)	(16, 16)
10.00	10.74	1.60	(6, 5, 4, 3, 2, 2)	(20, 20, 20, 20, 20, 20)	(20, 20)
17.15	8.04	2.46	(7, 6, 5, 4, 3, 3)	(13, 13, 13, 13, 13, 13)	(13, 13)
17.16	8.04	2.46	(7, 6, 5, 4, 3, 3)	(13, 13, 13, 13, 13, 13)	(13, 13)
94.29	4.01	2.91	(11, 10, 9, 8, 7, 7)	(11, 11, 11, 11, 11, 11)	(6, 6)
10.00	10.74	2.00	(6, 5, 4, 3, 2, 2)	(16, 16, 16, 16, 16, 16)	(16, 16)
35.83	6.43	1.60	(8, 7, 6, 5, 4, 4)	(20, 20, 20, 20, 20, 20)	(20, 20)
94.20	5.65	2.46	(9, 7, 6, 6, 5, 5)	(13, 13, 13, 13, 13, 13)	(13, 13)
94.68	3.21	2.67	(13, 12, 11, 10, 9, 9)	(12, 12, 12, 12, 12, 12)	(6, 6)
11.03	8.04	1.60	(7, 6, 5, 4, 3, 3)	(20, 20, 20, 20, 20, 20)	(20, 20)
10.00	10.74	2.46	(6, 5, 4, 3, 2, 2)	(13, 13, 13, 13, 13, 13)	(13, 13)
94.16	5.35	2.68	(9, 8, 7, 6, 5, 5)	(12, 12, 12, 11, 11, 11)	(6, 5)
94.51	5.35	2.00	(9, 8, 7, 6, 5, 5)	(16, 16, 16, 16, 16, 16)	(16, 16)
13.77	8.04	2.00	(7, 6, 5, 4, 3, 3)	(16, 16, 16, 16, 16, 16)	(16, 16)
94.83	5.65	2.00	(10, 7, 6, 6, 5, 5)	(16, 16, 16, 16, 16, 16)	(16, 16)
94.99	5.65	1.60	(11, 7, 6, 6, 5, 5)	(20, 20, 20, 20, 20, 20)	(20, 20)
94.62	2.00	2.67	(19, 18, 17, 16, 15, 15)	(12, 12, 12, 12, 12, 12)	(6, 6)
94.35	3.21	2.67	(13, 12, 11, 10, 9, 9)	(12, 12, 12, 12, 11, 11)	(8, 8)
94.92	3.21	2.59	(13, 12, 11, 10, 9, 9)	(13, 12, 12, 12, 12, 12)	(7, 7)
35.73	6.43	2.00	(8, 7, 6, 5, 4, 4)	(16, 16, 16, 16, 16, 16)	(16, 16)
94.49	5.35	1.60	(9, 8, 7, 6, 5, 5)	(20, 20, 20, 20, 20, 20)	(20, 20)
94.91	4.01	2.67	(11, 10, 9, 8, 7, 7)	(12, 12, 12, 12, 12, 12)	(6, 6)
35.44	6.43	2.46	(8, 7, 6, 5, 4, 4)	(13, 13, 13, 13, 13, 13)	(13, 13)
94.92	2.00	2.67	(19, 18, 17, 16, 15, 15)	(12, 12, 12, 12, 12, 12)	(8, 7)
DeepCaps, cifar10
89.10	5.69	1.68	(9, 8, 7, 6, 5, 5)	(19, 19, 19, 19, 19, 19)	(19, 19)
87.75	6.93	1.68	(8, 7, 6, 5, 4, 4)	(19, 19, 19, 19, 19, 19)	(19, 19)
91.13	2.05	2.19	(19, 18, 17, 16, 15, 15)	(15, 15, 14, 12, 10, 10)	(9, 6)
43.51	8.84	2.00	(7, 6, 5, 4, 3, 3)	(16, 16, 16, 16, 16, 16)	(16, 16)
10.00	12.22	2.00	(6, 5, 4, 3, 2, 2)	(16, 16, 16, 16, 16, 16)	(16, 16)
90.90	2.05	2.98	(19, 18, 17, 16, 15, 15)	(11, 11, 10, 10, 10, 10)	(9, 6)
90.40	2.05	3.16	(19, 18, 17, 16, 15, 15)	(11, 10, 9, 9, 9, 9)	(8, 4)
90.41	7.06	2.00	(10, 6, 6, 6, 6, 3)	(16, 16, 16, 16, 16, 16)	(16, 16)
43.54	8.84	1.68	(7, 6, 5, 4, 3, 3)	(19, 19, 19, 19, 19, 19)	(19, 19)
90.35	3.01	3.28	(14, 13, 12, 11, 10, 10)	(11, 9, 9, 9, 9, 9)	(8, 4)
89.13	5.69	2.00	(9, 8, 7, 6, 5, 5)	(16, 16, 16, 16, 16, 16)	(16, 16)
90.89	6.37	2.00	(10, 6, 6, 6, 6, 4)	(16, 16, 16, 16, 16, 16)	(16, 16)
90.82	4.20	3.08	(11, 10, 9, 8, 7, 7)	(11, 10, 10, 10, 10, 10)	(8, 5)
91.23	5.11	1.68	(10, 8, 8, 8, 6, 5)	(19, 19, 19, 19, 19, 19)	(19, 19)
87.83	6.93	2.00	(8, 7, 6, 5, 4, 4)	(16, 16, 16, 16, 16, 16)	(16, 16)
91.18	3.01	2.61	(14, 13, 12, 11, 10, 10)	(15, 11, 10, 10, 10, 10)	(11, 6)
90.62	4.20	3.28	(11, 10, 9, 8, 7, 7)	(11, 9, 9, 9, 9, 9)	(7, 4)
10.00	12.22	1.68	(6, 5, 4, 3, 2, 2)	(19, 19, 19, 19, 19, 19)	(19, 19)
91.08	4.20	2.49	(11, 10, 9, 8, 7, 7)	(13, 13, 13, 11, 10, 10)	(9, 5)
90.91	3.01	2.91	(14, 13, 12, 11, 10, 10)	(11, 11, 11, 11, 10, 10)	(8, 6)
90.75	4.25	1.68	(11, 9, 7, 8, 9, 7)	(19, 19, 19, 19, 19, 19)	(19, 19)
89.65	5.69	2.29	(9, 8, 7, 6, 5, 5)	(14, 14, 14, 14, 14, 14)	(14, 14)
26.96	8.84	1.78	(7, 6, 5, 4, 3, 3)	(18, 18, 18, 18, 18, 18)	(18, 18)
91.14	2.05	2.80	(19, 18, 17, 16, 15, 15)	(11, 12, 11, 12, 13, 8)	(9, 9)
90.43	2.05	3.09	(19, 18, 17, 16, 15, 15)	(11, 10, 10, 10, 9, 8)	(8, 5)
91.02	4.66	2.67	(11, 7, 7, 7, 6, 7)	(12, 12, 12, 12, 12, 12)	(12, 12)
90.83	4.78	2.13	(11, 7, 7, 6, 6, 7)	(15, 15, 15, 15, 15, 15)	(15, 15)
90.39	3.01	3.09	(14, 13, 12, 11, 10, 10)	(11, 10, 10, 10, 8, 9)	(8, 6)
40.11	8.84	2.29	(7, 6, 5, 4, 3, 3)	(14, 14, 14, 14, 14, 14)	(14, 14)
36.58	8.84	1.88	(7, 6, 5, 4, 3, 3)	(17, 17, 17, 17, 17, 17)	(17, 17)
90.93	2.68	1.60	(10, 11, 10, 11, 12, 13)	(20, 20, 20, 20, 20, 20)	(20, 20)
90.59	6.27	1.88	(10, 7, 6, 7, 5, 4)	(17, 17, 17, 17, 17, 17)	(17, 17)
9.86	12.22	2.00	(6, 5, 4, 3, 2, 2)	(16, 16, 16, 16, 16, 16)	(16, 16)
91.01	3.01	2.71	(14, 13, 12, 11, 10, 10)	(13, 11, 11, 12, 10, 10)	(9, 9)
4.97	8.84	2.00	(7, 6, 5, 4, 3, 3)	(16, 16, 16, 16, 16, 16)	(16, 16)
82.11	6.93	1.68	(8, 7, 6, 5, 4, 4)	(19, 19, 19, 19, 19, 19)	(19, 19)
90.09	5.69	2.67	(9, 8, 7, 6, 5, 5)	(12, 12, 12, 12, 12, 12)	(12, 12)
91.06	2.05	2.44	(19, 18, 17, 16, 15, 15)	(13, 13, 14, 12, 11, 12)	(13, 6)
91.16	4.08	2.00	(12, 8, 9, 7, 7, 8)	(16, 16, 16, 16, 16, 16)	(16, 16)
90.91	4.20	2.91	(11, 10, 9, 8, 7, 7)	(12, 10, 11, 11, 11, 12)	(9, 5)
90.78	3.93	2.00	(10, 7, 8, 9, 8, 8)	(16, 16, 16, 16, 16, 16)	(16, 16)
18.41	6.93	1.88	(8, 7, 6, 5, 4, 4)	(17, 17, 17, 17, 17, 17)	(17, 17)
39.91	8.84	1.60	(7, 6, 5, 4, 3, 3)	(20, 20, 20, 20, 20, 20)	(20, 20)
91.06	4.20	2.86	(11, 10, 9, 8, 7, 7)	(13, 10, 10, 11, 10, 10)	(9, 9)
90.83	2.96	1.88	(9, 10, 10, 11, 11, 11)	(17, 17, 17, 17, 17, 17)	(17, 17)
10.89	6.93	2.13	(8, 7, 6, 5, 4, 4)	(15, 15, 15, 15, 15, 15)	(15, 15)
89.48	5.69	1.52	(9, 8, 7, 6, 5, 5)	(21, 21, 21, 21, 21, 21)	(21, 21)
90.88	4.12	2.29	(10, 11, 12, 13, 5, 5)	(14, 14, 14, 14, 14, 14)	(14, 14)
90.12	5.29	2.29	(11, 6, 6, 7, 5, 6)	(14, 14, 14, 14, 14, 14)	(14, 14)
10.02	12.22	2.00	(6, 5, 4, 3, 2, 2)	(16, 16, 16, 16, 16, 16)	(16, 16)
88.88	2.92	2.29	(9, 10, 9, 10, 11, 12)	(14, 14, 14, 14, 14, 14)	(14, 14)
90.37	4.20	2.93	(11, 10, 9, 8, 7, 7)	(11, 11, 11, 10, 9, 7)	(9, 5)
91.20	3.99	1.52	(12, 9, 9, 7, 8, 8)	(21, 21, 21, 21, 21, 21)	(21, 21)
91.07	3.20	1.78	(11, 10, 8, 9, 10, 11)	(18, 18, 18, 18, 18, 18)	(18, 18)
9.84	12.22	2.29	(6, 5, 4, 3, 2, 2)	(14, 14, 14, 14, 14, 14)	(14, 14)
90.92	5.18	1.88	(10, 10, 8, 7, 6, 5)	(17, 17, 17, 17, 17, 17)	(17, 17)
90.98	3.01	2.92	(14, 13, 12, 11, 10, 10)	(11, 11, 11, 11, 9, 10)	(9, 8)
44.67	8.84	1.88	(7, 6, 5, 4, 3, 3)	(17, 17, 17, 17, 17, 17)	(17, 17)
90.64	5.81	2.00	(10, 9, 6, 6, 5, 5)	(16, 16, 16, 16, 16, 16)	(16, 16)
10.00	6.93	1.60	(8, 7, 6, 5, 4, 4)	(20, 20, 20, 20, 20, 20)	(20, 20)
10.30	5.69	1.68	(9, 8, 7, 6, 5, 5)	(19, 19, 19, 19, 19, 19)	(19, 19)
90.87	3.01	2.39	(14, 13, 12, 11, 10, 10)	(14, 13, 13, 13, 13, 13)	(8, 5)
90.55	4.62	1.68	(13, 9, 8, 8, 7, 6)	(19, 19, 19, 19, 19, 19)	(19, 19)
84.58	4.20	1.60	(11, 10, 9, 8, 7, 7)	(20, 20, 20, 20, 20, 20)	(20, 20)
91.15	2.05	2.12	(19, 18, 17, 16, 15, 15)	(16, 15, 14, 14, 13, 13)	(8, 6)
10.08	8.84	1.68	(7, 6, 5, 4, 3, 3)	(19, 19, 19, 19, 19, 19)	(19, 19)
84.59	4.20	1.39	(11, 10, 9, 8, 7, 7)	(23, 23, 23, 23, 23, 23)	(23, 23)
90.83	4.10	1.60	(13, 10, 9, 9, 7, 7)	(20, 20, 20, 20, 20, 20)	(20, 20)
10.24	5.69	1.60	(9, 8, 7, 6, 5, 5)	(20, 20, 20, 20, 20, 20)	(20, 20)
84.56	4.20	1.68	(11, 10, 9, 8, 7, 7)	(19, 19, 19, 19, 19, 19)	(19, 19)
10.00	6.93	1.39	(8, 7, 6, 5, 4, 4)	(23, 23, 23, 23, 23, 23)	(23, 23)
10.00	12.22	1.60	(6, 5, 4, 3, 2, 2)	(20, 20, 20, 20, 20, 20)	(20, 20)
10.09	8.84	1.60	(7, 6, 5, 4, 3, 3)	(20, 20, 20, 20, 20, 20)	(20, 20)
90.87	2.05	2.46	(19, 18, 17, 16, 15, 15)	(13, 13, 13, 13, 13, 13)	(8, 5)
91.08	3.54	1.39	(15, 10, 9, 9, 9, 9)	(23, 23, 23, 23, 23, 23)	(23, 23)
10.00	12.22	1.68	(6, 5, 4, 3, 2, 2)	(19, 19, 19, 19, 19, 19)	(19, 19)
90.82	3.01	2.46	(14, 13, 12, 11, 10, 10)	(13, 13, 13, 13, 13, 13)	(8, 5)
10.01	12.22	1.39	(6, 5, 4, 3, 2, 2)	(23, 23, 23, 23, 23, 23)	(23, 23)
10.02	8.84	1.39	(7, 6, 5, 4, 3, 3)	(23, 23, 23, 23, 23, 23)	(23, 23)
10.23	5.69	1.39	(9, 8, 7, 6, 5, 5)	(23, 23, 23, 23, 23, 23)	(23, 23)
91.08	3.01	1.88	(14, 13, 12, 11, 10, 10)	(17, 17, 17, 17, 17, 13)	(16, 12)
10.00	6.93	1.68	(8, 7, 6, 5, 4, 4)	(19, 19, 19, 19, 19, 19)	(19, 19)
