ShallowCapsNet, mnist
98.70	3.64	5.33	(10, 9, 8)	(6, 6, 6)	(3, 3)
98.75	2.16	5.33	(16, 15, 14)	(6, 6, 6)	(3, 3)
98.90	3.64	4.57	(10, 9, 8)	(7, 7, 7)	(5, 4)
99.45	2.16	2.46	(16, 15, 14)	(13, 13, 13)	(6, 6)
99.32	4.00	2.29	(9, 8, 8)	(14, 14, 14)	(14, 14)
98.95	2.16	2.67	(16, 15, 14)	(12, 12, 12)	(6, 6)
99.57	3.56	2.29	(9, 9, 9)	(14, 14, 14)	(14, 14)
ShallowCapsNet, fashion-mnist
92.62	2.72	1.60	(13, 12, 11)	(20, 20, 20)	(20, 20)
92.43	3.27	1.88	(13, 10, 9)	(17, 17, 17)	(17, 17)
92.46	2.16	2.00	(16, 15, 14)	(16, 16, 15)	(10, 9)
91.89	2.16	2.13	(16, 15, 14)	(15, 15, 15)	(7, 7)
92.62	2.16	2.00	(16, 15, 14)	(16, 16, 16)	(10, 10)
92.01	3.27	1.88	(12, 10, 9)	(17, 17, 17)	(17, 17)
DeepCaps, mnist
98.91	4.43	2.91	(8, 8, 8, 8, 8, 4)	(11, 11, 11, 11, 11, 11)	(11, 11)
98.80	2.14	3.20	(18, 17, 16, 15, 14, 14)	(10, 10, 10, 10, 10, 10)	(6, 6)
99.31	2.14	2.91	(18, 17, 16, 15, 14, 14)	(11, 11, 11, 11, 11, 11)	(5, 5)
99.42	4.21	2.46	(8, 8, 8, 8, 7, 7)	(13, 13, 13, 13, 13, 13)	(13, 13)
DeepCaps, fashion-mnist
94.59	2.14	2.67	(18, 17, 16, 15, 14, 14)	(12, 12, 12, 12, 12, 12)	(6, 6)
94.83	4.59	1.00	(10, 9, 8, 7, 6, 6)	(32, 32, 32, 32, 32, 32)	(32, 32)
94.30	3.56	2.91	(12, 11, 10, 9, 8, 8)	(11, 11, 11, 11, 11, 11)	(7, 7)
94.20	5.65	2.46	(9, 7, 6, 6, 5, 5)	(13, 13, 13, 13, 13, 13)	(13, 13)
94.26	4.59	2.91	(10, 9, 8, 7, 6, 6)	(11, 11, 11, 11, 11, 11)	(5, 5)
94.29	2.14	4.35	(18, 17, 16, 15, 14, 14)	(8, 7, 7, 7, 6, 7)	(5, 4)
94.60	4.32	2.29	(8, 6, 7, 8, 7, 8)	(14, 14, 14, 14, 14, 14)	(14, 14)
94.80	3.26	1.88	(8, 9, 10, 11, 10, 8)	(17, 17, 17, 17, 17, 17)	(17, 17)
DeepCaps, cifar10
89.83	0.87	1.00	(33, 34, 35, 36, 37, 38)	(32, 32, 32, 32, 32, 32)	(32, 32)
